180119,011258.00,43.1336716667,141.221327167,13,20,-273,54,-7,55,55,[-3202.0, 102.0, 15.0],179.028978069
180119,011259.00,43.1336711667,141.221327333,11,20,-272,50,-12,52,52,[-2957.0, 87.0, -40.0],178.716329463
180119,011300.00,43.1336706667,141.221327167,12,20,-272,50,-10,46,46,[-2915.0, 25.0, 0.0],178.17397302
180119,011301.00,43.1336703333,141.221327167,12,20,-272,54,-7,55,55,[-2610.0, 97.0, -72.0],178.166803041
180119,011302.00,43.1336698333,141.221327,11,17,-271,45,-8,45,45,[-2432.0, 107.0, -40.0],177.245706542
180119,011303.00,43.1336695,141.221327,11,19,-273,49,-11,55,55,[-3217.0, 112.0, -10.0],178.29329061
180119,011304.00,43.1336691667,141.221326667,12,20,-272,43,-7,51,51,[-2870.0, 92.0, 0.0],178.139350778
180119,011305.00,43.1336691667,141.221326333,11,20,-272,46,0,49,49,[-3132.0, 45.0, 5.0],178.268921137
180119,011306.00,43.133669,141.221326167,13,22,-275,53,-13,54,54,[-2935.0, 122.0, -25.0],177.377154233
180119,011320.00,43.133671,141.221322667,14,16,-295,48,-3,52,52,[-2540.0, 60.0, 5.0],178.810051068
180119,011322.00,43.1336698333,141.221322833,13,20,-275,53,-2,57,57,[-3697.0, 82.0, 45.0],178.474361053
180119,011323.00,43.1336691667,141.221322833,9,12,-280,136,-68,37,37,[-3745.0, 102.0, -20.0],178.446052217
180119,011324.00,43.1336685,141.221323,12,25,-259,56,-13,55,55,[-2920.0, 107.0, 0.0],177.633431743
180119,011325.00,43.133668,141.2213235,12,23,-279,48,-11,84,84,[-3382.0, 67.0, 0.0],178.361897606
180119,011326.00,43.1336675,141.221323833,-2,20,-277,38,-13,95,95,[-2925.0, 107.0, -30.0],177.481165327
180119,011327.00,43.1336673333,141.221324333,26,25,-278,40,0,31,31,[-3565.0, 102.0, -30.0],178.325929406
180119,011328.00,43.133667,141.221324667,9,26,-266,52,18,17,17,[-3067.0, 67.0, -20.0],177.986795457
180119,011342.00,43.1335661667,141.2215045,23,24,-273,39,-25,33,33,[-3012.0, 127.0, 0.0],178.938815434
180119,011343.00,43.1335606667,141.221524167,12,26,-261,52,8,49,49,[-2942.0, 112.0, -40.0],178.940870948
180119,011344.00,43.133554,141.221543333,2,18,-288,52,-9,50,50,[-2317.0, 77.0, 0.0],178.343656544
180119,011345.00,43.1335465,141.221562333,1,14,-252,48,18,70,70,[367.0, 112.0, 0.0],3.31970133253
180119,011346.00,43.1335405,141.221582333,22,18,-286,53,-6,52,52,[-2660.0, 97.0, -45.0],178.218907675
180119,011347.00,43.1335343333,141.221601167,23,19,-303,55,-2,46,46,[-2062.0, 102.0, 15.0],178.934425246
180119,011348.00,43.1335266667,141.2216215,17,14,-247,53,-1,53,53,[-3375.0, 60.0, 0.0],178.163455609
180119,011349.00,43.1335185,141.221643167,21,19,-248,47,-25,44,44,[-3355.0, 67.0, 0.0],178.743255782
180119,011350.00,43.1335095,141.221666,5,25,-286,58,-4,37,37,[-4727.0, 55.0, -10.0],178.566899725
180119,011404.00,43.1333741667,141.2220235,14,21,-241,53,-3,53,53,[-2975.0, 102.0, 10.0],179.033074428
180119,011405.00,43.1333645,141.222049667,16,22,-242,47,3,48,48,[-3305.0, 112.0, 0.0],178.311221555
180119,011406.00,43.1333553333,141.222075,14,4,-257,52,-10,44,44,[-2095.0, 87.0, -10.0],177.497454034
180119,011407.00,43.1333465,141.222099833,8,9,-274,53,-7,48,48,[-3907.0, 107.0, -5.0],178.148485118
180119,011408.00,43.1333371667,141.222125167,16,12,-292,42,34,54,54,[-2752.0, 67.0, 30.0],177.405161422
180119,011409.00,43.1333283333,141.222150667,14,18,-281,52,-35,58,58,[-2517.0, 145.0, -25.0],178.468830646
180119,011410.00,43.1333196667,141.222176167,11,20,-272,55,-13,50,50,[-2397.0, 107.0, -10.0],178.279492654
180119,011411.00,43.1333113333,141.222199,11,13,-272,43,2,50,50,[-2207.0, 72.0, 10.0],178.857789759
180119,011412.00,43.1333046667,141.2222175,11,11,-259,60,-8,45,45,[-3457.0, 92.0, 0.0],177.888396793
180119,011427.00,43.133327,141.222144333,15,16,-258,63,-23,49,49,[-4865.0, 67.0, 20.0],179.0099502
180119,011428.00,43.1333383333,141.2221085,7,6,-274,40,-16,48,48,[-2942.0, 92.0, 0.0],177.992516196
180119,011429.00,43.1333521667,141.222073167,12,17,-267,64,-16,57,57,[-3540.0, 55.0, -25.0],178.356521349
180119,011430.00,43.1333678333,141.222035833,21,29,-306,52,-45,47,47,[-3202.0, 135.0, -40.0],177.531882086
180119,011431.00,43.1333846667,141.221996833,20,19,-305,56,-8,85,85,[-3815.0, 67.0, 0.0],178.855944253
180119,011432.00,43.1334023333,141.2219555,8,25,-262,52,-11,99,99,[-2865.0, 97.0, 5.0],177.82087762
180119,011433.00,43.1334198333,141.221912333,23,12,-255,54,-38,75,75,[-3132.0, 55.0, 0.0],178.184119815
180119,011434.00,43.1334378333,141.221866167,8,24,-282,50,-2,22,22,[-2485.0, 102.0, 25.0],177.244695886
180119,011435.00,43.1334551667,141.221820167,0,32,-259,48,-17,29,29,[-3387.0, 102.0, 0.0],178.324960154
180119,011449.00,43.133649,141.221430667,4,15,-291,60,-12,33,33,[-2555.0, 107.0, -15.0],177.42342817
180119,011450.00,43.1336601667,141.2214125,16,30,-283,51,-9,47,47,[-3865.0, 72.0, -5.0],179.301731348
180119,011451.00,43.1336705,141.221394667,17,21,-258,58,-1,54,54,[-2502.0, 87.0, 0.0],178.354941171
180119,011452.00,43.13368,141.221378833,19,17,-278,48,-18,53,53,[-2502.0, 97.0, -20.0],179.138294321
180119,011453.00,43.1336865,141.221365167,18,20,-261,52,-30,25,25,[-2925.0, 55.0, -45.0],177.832428938
180119,011454.00,43.1336921667,141.2213525,5,8,-270,38,-6,65,65,[-2425.0, 77.0, 20.0],178.42193812
180119,011455.00,43.1336965,141.221342833,11,20,-275,56,-15,50,50,[-3550.0, 92.0, 0.0],178.739416114
180119,011456.00,43.1336993333,141.221336333,14,20,-273,53,-6,55,55,[-3755.0, 92.0, 5.0],178.649374125
180119,011457.00,43.1337005,141.221335167,12,20,-275,44,-4,54,54,[-4180.0, 30.0, -30.0],178.535319473
180119,011511.00,43.133704,141.221342333,11,19,-272,53,-12,48,48,[-1692.0, 67.0, 15.0],178.889711302
180119,011512.00,43.1337035,141.2213435,13,18,-272,57,-15,51,51,[-3415.0, 67.0, -15.0],178.346384697
180119,011513.00,43.1337035,141.221344167,11,18,-277,56,-3,51,51,[-2090.0, 82.0, -5.0],177.739135682
180119,011514.00,43.1337035,141.221344833,13,20,-274,48,-17,53,53,[-3620.0, 92.0, 25.0],177.585773889
180119,011515.00,43.133704,141.2213455,15,20,-274,56,-6,54,54,[-4575.0, 127.0, 20.0],178.906989446
180119,011516.00,43.1337045,141.221346,13,18,-272,49,-13,56,56,[-2410.0, 77.0, -5.0],178.390432057
180119,011517.00,43.1337048333,141.2213465,14,19,-274,51,-13,51,51,[-2832.0, 107.0, 0.0],178.879492845
180119,011518.00,43.1337051667,141.221347,11,19,-277,51,-4,50,50,[-2915.0, 72.0, -10.0],178.18919019
180119,011519.00,43.1337055,141.221347667,13,19,-271,47,-6,48,48,[-3750.0, 67.0, -10.0],179.117238123
180119,011533.00,43.1337141667,141.2213495,11,20,-272,53,-1,53,53,[-3087.0, 107.0, 0.0],178.223246238
180119,011534.00,43.1337146667,141.2213495,12,19,-273,58,-10,47,47,[-3435.0, 107.0, -10.0],178.811461391
180119,011535.00,43.1337153333,141.2213495,10,18,-277,50,-9,56,56,[-2465.0, 107.0, 0.0],178.318062364
180119,011536.00,43.133716,141.221349333,13,18,-274,47,-2,50,50,[-2902.0, 92.0, -15.0],178.637259077
180119,011537.00,43.1337163333,141.221349167,12,18,-273,54,-17,48,48,[-2647.0, 102.0, 10.0],178.126708077
180119,011538.00,43.1337166667,141.221349,12,21,-275,49,-15,55,55,[-4227.0, 102.0, 15.0],178.683867112
180119,011539.00,43.1337168333,141.221349,11,20,-273,54,-9,52,52,[-1927.0, 92.0, -15.0],175.613858131
180119,011540.00,43.133717,141.221349,13,19,-270,55,-17,55,55,[-3397.0, 55.0, 10.0],179.155488941
180119,011541.00,43.1337173333,141.221349167,12,20,-272,53,-4,56,56,[-2712.0, 87.0, -52.0],179.083345744
180119,011555.00,43.1337078333,141.221355333,11,18,-273,55,-16,51,51,[-2622.0, 50.0, 5.0],177.772225735
180119,011556.00,43.1337071667,141.221355833,12,22,-271,56,-20,48,48,[-3007.0, 107.0, 5.0],178.449341449
180119,011557.00,43.1337066667,141.221356167,11,19,-275,49,-9,50,50,[-3512.0, 117.0, 25.0],179.338987742
180119,011558.00,43.1337061667,141.221356167,14,20,-273,52,-16,44,44,[-2687.0, 107.0, -10.0],178.645867591
180119,011559.00,43.1337053333,141.221356167,14,20,-272,55,-12,46,46,[-2725.0, 60.0, -15.0],178.847954959
180119,011600.00,43.1337046667,141.221356,13,20,-271,49,-15,50,50,[-3027.0, 15.0, 0.0],178.558547646
180119,011601.00,43.133704,141.221356,13,20,-275,53,-6,54,54,[-4320.0, 72.0, -25.0],178.952690403
180119,011602.00,43.1337036667,141.221355667,11,19,-276,47,-9,45,45,[-2155.0, 107.0, -40.0],177.652241919
180119,011603.00,43.1337031667,141.221355167,16,22,-274,54,-9,55,55,[-2780.0, 135.0, -5.0],177.51141193
180119,011617.00,43.1336955,141.221352667,13,20,-273,55,-15,50,50,[-3007.0, 87.0, -5.0],177.898345672
180119,011618.00,43.1336953333,141.221352167,12,19,-271,49,-4,50,50,[-4292.0, 127.0, -5.0],178.423079179
180119,011619.00,43.1336951667,141.221351833,-1,8,-267,49,-17,61,61,[-3262.0, 77.0, 20.0],178.499428683
180119,011620.00,43.1336951667,141.2213515,22,19,-293,50,-38,73,73,[-2397.0, 127.0, -40.0],176.668454493
180119,011621.00,43.133695,141.221351333,27,8,-289,46,0,80,80,[-2410.0, 40.0, 25.0],178.822209931
180119,011622.00,43.1336948333,141.221351333,5,30,-299,52,-33,18,18,[-3430.0, 102.0, 10.0],177.770633115
180119,011623.00,43.1336946667,141.221351333,12,19,-283,46,35,18,18,[112.0, 107.0, -10.0],27.1496816978
180119,011624.00,43.133694,141.221352,18,22,-251,52,5,65,65,[-2822.0, 87.0, -15.0],178.505807573
180119,011625.00,43.13369,141.221359,10,15,-281,60,13,54,54,[-3180.0, 117.0, -5.0],178.454721197
180119,011639.00,43.133519,141.221717667,6,16,-336,50,8,47,47,[-4120.0, 92.0, -10.0],178.778086938
180119,011640.00,43.1335065,141.221749,32,18,-232,47,-19,45,45,[-2322.0, 102.0, -10.0],177.381888514
180119,011641.00,43.1334941667,141.221780333,22,18,-332,54,2,50,50,[-3332.0, 67.0, 15.0],178.497290269
180119,011642.00,43.1334815,141.221812167,11,21,-223,51,2,45,45,[-3522.0, 77.0, -30.0],178.827205015
180119,011643.00,43.1334691667,141.221843667,4,17,-307,52,-7,63,63,[-3045.0, 97.0, 5.0],178.305570765
180119,011644.00,43.133457,141.221874833,34,19,-221,48,-3,70,70,[-3777.0, 77.0, -25.0],178.806881463
180119,011645.00,43.1334453333,141.221905167,32,7,-222,55,-54,49,49,[-3610.0, 60.0, 0.0],178.781461369
180119,011646.00,43.1334335,141.221936167,19,-14,-278,62,-20,60,60,[-2577.0, 55.0, 0.0],178.257623731
180119,011647.00,43.133422,141.221966167,16,12,-273,46,8,56,56,[-2970.0, 67.0, -10.0],177.976536322
180119,011701.00,43.1333058333,141.222267833,11,18,-270,52,1,54,54,[-3892.0, 72.0, -10.0],178.975445501
180119,011702.00,43.1333051667,141.222268667,12,-1,-265,48,-10,27,27,[-3652.0, 67.0, -52.0],178.715486256
180119,011703.00,43.1333041667,141.222270167,5,2,-272,56,7,52,52,[-2800.0, 77.0, -35.0],178.727704108
180119,011704.00,43.1333035,141.222270833,11,5,-293,54,-42,58,58,[-2800.0, 60.0, -25.0],178.419119924
180119,011705.00,43.1333036667,141.222269833,14,13,-292,53,4,75,75,[-2990.0, 97.0, -25.0],179.142627991
180119,011706.00,43.133307,141.2222625,20,7,-308,54,21,74,74,[-3360.0, 82.0, 0.0],178.057496127
180119,011707.00,43.1333143333,141.2222475,8,18,-238,45,11,47,47,[-3127.0, 97.0, 0.0],178.314777239
180119,011708.00,43.1333231667,141.222227167,16,23,-249,34,-4,39,39,[-3337.0, 107.0, -5.0],179.030347373
180119,011709.00,43.1333325,141.222199833,1,23,-284,37,-14,51,51,[-3392.0, 67.0, 0.0],178.851495196
180119,011723.00,43.1335765,141.221577,22,36,-231,38,-15,74,74,[-2572.0, 107.0, -30.0],175.94558582
180119,011724.00,43.13359,141.221537167,14,31,-302,52,11,25,25,[-3652.0, 77.0, 15.0],178.363422958
180119,011725.00,43.133604,141.221499,12,24,-275,52,-22,23,23,[-2647.0, 60.0, -30.0],179.132605567
180119,011726.00,43.1336208333,141.221466333,5,30,-268,62,-4,51,51,[-2785.0, 92.0, 0.0],179.337302345
180119,011727.00,43.13364,141.221441833,14,23,-249,57,-21,59,59,[-3795.0, 87.0, 20.0],178.480615861
180119,011728.00,43.1336578333,141.221421667,14,18,-266,58,19,50,50,[-3035.0, 87.0, -5.0],177.91540606
180119,011729.00,43.1336731667,141.221405833,10,18,-274,58,-45,55,55,[-2935.0, 102.0, -20.0],179.055000676
180119,011730.00,43.1336855,141.2213925,10,19,-274,53,-11,55,55,[-2285.0, 45.0, 0.0],177.297705344
180119,011731.00,43.1336941667,141.221381,15,20,-275,53,-7,57,57,[-2877.0, 122.0, 25.0],178.549150697
180119,011745.00,43.1337083333,141.221356167,13,19,-275,52,-18,50,50,[-2067.0, 82.0, 10.0],179.178611407
180119,011746.00,43.1337083333,141.221356333,15,19,-273,50,-11,50,50,[-1960.0, 92.0, 15.0],177.990971817
180119,011747.00,43.1337083333,141.221356667,14,19,-272,54,-17,59,59,[-2822.0, 55.0, 35.0],177.992177142
180119,011748.00,43.1337083333,141.221356667,12,19,-273,55,-17,54,54,[-3707.0, 107.0, -25.0],178.86056567
180119,011749.00,43.1337083333,141.221357,11,19,-276,56,-17,56,56,[-3407.0, 150.0, 5.0],177.85262573
180119,011750.00,43.1337085,141.221356833,12,19,-272,54,-18,58,58,[-3207.0, 112.0, 5.0],179.892098471
180119,011751.00,43.1337086667,141.221356667,13,20,-272,54,-14,53,53,[-2930.0, 102.0, 10.0],178.908594833
180119,011752.00,43.1337088333,141.2213565,12,20,-274,58,-13,52,52,[-1835.0, 82.0, 0.0],178.653750553
180119,011753.00,43.133709,141.2213565,14,21,-271,51,-4,60,60,[-2865.0, 117.0, 20.0],178.154329837
180119,011808.00,43.1337088333,141.221358167,14,20,-273,61,-4,57,57,[-2882.0, 97.0, -45.0],178.08558848
180119,011809.00,43.1337091667,141.221357667,14,20,-273,54,-6,57,57,[-3652.0, 102.0, -10.0],179.080403538
180119,011810.00,43.1337095,141.221357167,11,22,-275,54,-8,56,56,[-4065.0, 107.0, 20.0],178.417880092
180119,011811.00,43.1337098333,141.221356833,14,18,-271,50,-10,56,56,[-2615.0, 50.0, -57.0],177.613082048
180119,011812.00,43.13371,141.221356667,11,20,-272,58,-15,47,47,[-3040.0, 77.0, -40.0],177.834547066
180119,011813.00,43.1337101667,141.2213565,13,18,-272,49,-6,61,61,[-2355.0, 102.0, -40.0],177.040733737
180119,011814.00,43.1337103333,141.2213565,14,20,-273,54,-5,50,50,[-2307.0, 77.0, 0.0],176.744583859
180119,011815.00,43.1337103333,141.221356667,12,19,-273,45,-7,57,57,[-3230.0, 102.0, 25.0],177.907362537
180119,011816.00,43.1337106667,141.221356667,14,21,-271,60,-10,57,57,[-2947.0, 92.0, 15.0],178.076922573
180119,011830.00,43.1337125,141.221357,14,19,-272,54,-6,58,58,[-3322.0, 40.0, 0.0],178.56877615
180119,011831.00,43.1337125,141.221357,13,20,-272,53,-18,54,54,[-2137.0, 55.0, -5.0],177.394999731
180119,011832.00,43.1337123333,141.221357333,13,19,-273,54,-22,63,63,[-2600.0, 107.0, 30.0],178.218907675
180119,011833.00,43.133712,141.221357833,11,20,-275,52,-12,58,58,[-3370.0, 97.0, 0.0],177.892664498
180119,011834.00,43.1337118333,141.221358333,13,19,-272,52,-12,57,57,[-2915.0, 107.0, 5.0],177.501048304
180119,011835.00,43.1337116667,141.221358833,11,18,-274,52,-13,60,60,[-2725.0, 102.0, -10.0],178.741338876
180119,011836.00,43.1337116667,141.221359167,14,19,-272,53,-18,51,51,[-2962.0, 77.0, -20.0],177.675250832
180119,011837.00,43.1337116667,141.221359667,12,20,-275,52,-20,52,52,[-2925.0, 87.0, 57.0],178.497184579
180119,011838.00,43.1337115,141.22136,12,21,-273,44,-19,58,58,[-482.0, 97.0, 10.0],57.7923020271
180119,011853.00,43.1337108333,141.221364667,9,17,-273,51,-15,58,58,[-3342.0, 122.0, 40.0],177.586795497
180119,011854.00,43.1337106667,141.221364667,8,16,-271,51,-3,52,52,[-2935.0, 140.0, -25.0],178.159277074
180119,011855.00,43.1337106667,141.221364833,20,19,-255,58,-16,57,57,[-2970.0, 72.0, -5.0],178.850406206
180119,011856.00,43.1337106667,141.221364667,9,20,-273,51,-13,54,54,[-3120.0, 122.0, 0.0],177.674267009
180119,011857.00,43.1337108333,141.2213645,12,17,-269,54,-13,51,51,[-4325.0, 97.0, 0.0],178.752983263
180119,011858.00,43.133711,141.221364,-3,20,-271,56,-10,57,57,[-4175.0, 77.0, -40.0],178.751686963
180119,011859.00,43.1337111667,141.221363167,14,19,-274,57,-15,59,59,[-2392.0, 135.0, 5.0],178.722177421
180119,011900.00,43.1337113333,141.221362833,12,18,-271,54,-14,53,53,[-2882.0, 72.0, 35.0],178.469560818
180119,011901.00,43.1337116667,141.2213625,13,15,-271,65,-23,55,55,[-1677.0, 50.0, 67.0],177.756225369
180119,011915.00,43.1337135,141.221359,9,34,-279,42,-11,63,63,[-2077.0, 97.0, 0.0],178.090847567
180119,011916.00,43.13371,141.221364833,6,28,-318,68,-12,39,39,[-2762.0, 92.0, -40.0],178.202345934
180119,011917.00,43.1337018333,141.221377667,1,13,-289,55,-37,44,44,[-2980.0, 60.0, 25.0],179.022351215
180119,011918.00,43.1336901667,141.221399167,33,13,-324,62,19,58,58,[-1770.0, 72.0, 10.0],174.165572484
180119,011919.00,43.1336771667,141.221424667,-6,11,-284,67,-28,57,57,[-2017.0, 107.0, 35.0],178.492155357
180119,011920.00,43.1336628333,141.221453333,-7,25,-245,51,-44,45,45,[-2757.0, 77.0, -20.0],178.07340954
180119,011921.00,43.1336466667,141.2214865,12,-13,-316,10,-7,63,63,[-3605.0, 97.0, 25.0],178.926930841
180119,011922.00,43.1336306667,141.221522,44,24,-221,51,-53,90,90,[-2827.0, 55.0, 0.0],177.82087762
180119,011937.00,43.1333793333,141.222137167,8,17,-272,29,0,64,64,[-2290.0, 67.0, 15.0],178.732455384
180119,011938.00,43.1333636667,141.222174833,11,9,-277,82,-42,48,48,[-3250.0, 102.0, -5.0],177.945820438
180119,011939.00,43.1333503333,141.222207833,12,12,-262,46,-12,53,53,[-1150.0, 72.0, -20.0],174.58711943
180119,011940.00,43.1333388333,141.222237333,18,5,-286,57,-16,45,45,[-2262.0, 97.0, 10.0],176.160403662
180119,011941.00,43.13333,141.2222595,2,12,-265,53,7,32,32,[-3755.0, 60.0, 0.0],178.026280372
180119,011942.00,43.1333255,141.222271333,-3,11,-295,48,21,69,69,[-3110.0, 97.0, -20.0],178.545453331
180119,011943.00,43.1333231667,141.222277333,13,8,-320,49,-44,53,53,[-2345.0, 92.0, 0.0],177.618143781
180119,011944.00,43.1333221667,141.222280333,28,6,-298,52,4,43,43,[-2892.0, 122.0, -35.0],177.63841749
180119,011959.00,43.1334751667,141.2218685,20,18,-270,58,0,83,83,[1427.0, 107.0, 20.0],2.80408299512
180119,012000.00,43.1334956667,141.2218175,20,17,-271,55,-13,64,64,[-2762.0, 67.0, -25.0],177.719608877
180119,012001.00,43.1335161667,141.221767833,9,28,-318,56,-9,71,71,[-3630.0, 97.0, -5.0],177.99733609
180119,012002.00,43.133537,141.2217195,58,22,-244,45,12,51,51,[-1752.0, 87.0, 20.0],178.860156851
180119,012003.00,43.1335585,141.221672667,3,34,-279,61,-17,2,2,[-2502.0, 97.0, -15.0],177.76013745
180119,012004.00,43.1335806667,141.221627333,15,28,-260,54,-17,53,53,[-3127.0, 60.0, 0.0],178.032668092
180119,012005.00,43.1336025,141.2215845,5,23,-274,60,-25,53,53,[-2605.0, 122.0, 25.0],177.959340567
180119,012006.00,43.1336225,141.221544167,16,21,-274,51,-9,59,59,[-890.0, 72.0, -30.0],157.442753365
180119,012021.00,43.1337166667,141.221376,15,19,-272,58,-7,60,60,[-3407.0, 97.0, 0.0],177.014256664
180119,012022.00,43.1337166667,141.221376333,13,21,-273,51,-17,59,59,[-3282.0, 145.0, -25.0],178.802497122
180119,012023.00,43.1337165,141.2213765,13,19,-272,54,-9,53,53,[-2665.0, 77.0, -40.0],177.369050292
180119,012024.00,43.1337163333,141.221376833,13,20,-273,54,-8,61,61,[-2780.0, 82.0, -40.0],178.20751566
180119,012025.00,43.1337165,141.221377167,13,19,-272,51,-13,62,62,[-3512.0, 55.0, -5.0],178.321121608
180119,012026.00,43.1337166667,141.2213775,14,20,-274,52,-13,56,56,[-2780.0, 82.0, 20.0],178.013510299
180119,012027.00,43.1337165,141.221378,14,20,-273,53,-13,54,54,[-2437.0, 35.0, 10.0],178.673046925
180119,012028.00,43.1337166667,141.2213785,13,19,-273,48,-15,55,55,[-2312.0, 82.0, -10.0],178.216278846
180119,012029.00,43.1337166667,141.221378833,14,20,-273,54,-11,47,47,[-3035.0, 97.0, 35.0],178.535586218
180119,012044.00,43.1337126667,141.221384,14,19,-273,51,-11,56,56,[-2262.0, 117.0, -25.0],177.709389957
180119,012045.00,43.1337125,141.2213845,13,20,-273,54,-11,51,51,[-2615.0, 97.0, 10.0],177.214241671
180119,012046.00,43.1337125,141.221385,14,20,-272,53,-21,57,57,[570.0, 140.0, 57.0],14.9621552543
180119,012047.00,43.1337123333,141.221385333,14,20,-272,57,-21,60,60,[-2322.0, 135.0, -15.0],177.83375763
180119,012048.00,43.1337123333,141.221385667,13,20,-272,54,-13,54,54,[-3402.0, 92.0, 0.0],178.914234787
180119,012049.00,43.1337121667,141.221385833,12,20,-273,60,-7,53,53,[-2812.0, 112.0, -57.0],178.712107455
180119,012050.00,43.1337121667,141.221386167,13,20,-272,59,-17,60,60,[-2865.0, 77.0, -20.0],177.95387569
180119,012051.00,43.133712,141.221386167,13,21,-274,46,-12,55,55,[-2257.0, 107.0, -30.0],178.282922631
180119,012052.00,43.1337121667,141.221386167,14,20,-272,51,-18,47,47,[-2920.0, 45.0, 20.0],178.181069807
180119,012107.00,43.1337148333,141.2213875,14,20,-273,61,-6,55,55,[-3060.0, 87.0, 0.0],178.514886546
180119,012108.00,43.1337148333,141.221387333,13,20,-273,57,-11,60,60,[-2785.0, 77.0, 0.0],177.549932658
180119,012109.00,43.1337146667,141.221387167,13,21,-272,49,-8,56,56,[-2990.0, 92.0, -15.0],178.667377808
180119,012110.00,43.1337146667,141.221387167,13,20,-273,55,-11,51,51,[-2377.0, 77.0, -10.0],179.755147732
180119,012111.00,43.1337145,141.221387167,13,20,-273,54,-18,57,57,[-3105.0, 67.0, -30.0],179.355219412
180119,012112.00,43.1337146667,141.221387167,13,19,-273,55,-12,50,50,[-2877.0, 77.0, 0.0],178.154329837
180119,012113.00,43.1337146667,141.221387333,13,20,-273,49,-11,56,56,[-3120.0, 92.0, -5.0],178.743214021
180119,012114.00,43.1337146667,141.2213875,13,19,-274,51,-15,54,54,[-2660.0, 117.0, -40.0],178.556292637
180119,012115.00,43.1337151667,141.221387667,13,20,-272,55,-11,59,59,[-2822.0, 55.0, -10.0],178.876697286
180119,012130.00,43.1337191667,141.2213905,13,19,-273,55,-11,54,54,[-3365.0, 72.0, 15.0],179.089757111
180119,012131.00,43.133719,141.221390167,13,20,-272,54,-7,57,57,[-2865.0, 50.0, -5.0],179.39796493
180119,012132.00,43.133719,141.221389833,13,20,-273,51,-8,52,52,[-2497.0, 135.0, -30.0],177.256968123
180119,012133.00,43.133719,141.2213895,14,20,-274,55,-9,58,58,[1437.0, 45.0, 5.0],1.61127073631
180119,012134.00,43.1337188333,141.221389,14,18,-273,49,-14,57,57,[-3440.0, 107.0, -10.0],178.486878444
180119,012135.00,43.1337186667,141.2213885,13,20,-273,51,-13,47,47,[-2137.0, 150.0, 0.0],179.027009328
180119,012136.00,43.1337183333,141.221388,14,19,-272,52,-15,58,58,[-2920.0, 92.0, 35.0],179.204828579
180119,012137.00,43.1337185,141.221387833,13,20,-272,51,-12,61,61,[-2350.0, 87.0, -30.0],177.748505038
180119,012138.00,43.1337186667,141.221387667,13,20,-271,56,-17,58,58,[-3272.0, 87.0, -30.0],179.212057599
180119,012153.00,43.1337155,141.2213815,12,21,-272,58,-13,50,50,[-3160.0, 82.0, -5.0],178.022844562
180119,012154.00,43.1337151667,141.221381,13,20,-272,54,-13,53,53,[-3240.0, 67.0, -40.0],178.364338797
180119,012155.00,43.1337148333,141.221380833,13,19,-273,53,-5,54,54,[-2995.0, 122.0, 0.0],178.535586218
180119,012156.00,43.1337143333,141.221380667,13,19,-273,49,-7,50,50,[-1992.0, 55.0, -20.0],176.754297918
180119,012157.00,43.1337141667,141.2213805,13,20,-273,52,-9,61,61,[-3407.0, 102.0, 10.0],178.551258591
180119,012158.00,43.1337138333,141.221380333,13,20,-273,53,-11,52,52,[-3375.0, 72.0, 0.0],179.194488512
180119,012159.00,43.1337138333,141.221380167,12,20,-273,49,-14,55,55,[-3055.0, 92.0, -20.0],178.135214741
180119,012200.00,43.1337136667,141.221379667,13,21,-272,51,-11,54,54,[-2707.0, 72.0, -30.0],178.06634484
180119,012215.00,43.133714,141.221376,30,20,-274,56,-18,53,53,[-3120.0, 77.0, 5.0],177.940814072
180119,012216.00,43.1337138333,141.221375667,17,19,-272,49,-13,58,58,[-4522.0, 60.0, 30.0],179.085377891
180119,012217.00,43.133714,141.2213755,7,32,-284,54,-6,53,53,[70.0, 77.0, 5.0],40.4622274921
180119,012218.00,43.1337136667,141.221375333,18,18,-270,50,-8,70,70,[-2392.0, 45.0, 57.0],178.29230869
180119,012219.00,43.1337138333,141.221375333,10,17,-250,52,-19,40,40,[-3175.0, 97.0, -10.0],178.076922573
180119,012220.00,43.1337136667,141.221375333,30,35,-256,82,12,43,43,[-3842.0, 20.0, -15.0],174.794752403
180119,012221.00,43.1337135,141.221375833,49,10,-234,62,-8,59,59,[-3235.0, 112.0, -25.0],178.056162097
180119,012222.00,43.1337128333,141.221376833,40,0,-319,55,-13,29,29,[-3060.0, 87.0, 0.0],178.52727767
180119,012223.00,43.1337108333,141.221381,52,10,-269,62,4,64,64,[-2790.0, 107.0, -5.0],179.269492306
180119,012238.00,43.133485,141.2218785,85,-2,-208,68,5,45,45,[-3527.0, 92.0, 15.0],178.016101267
180119,012239.00,43.1334663333,141.221923,54,-9,-218,53,0,40,40,[-3597.0, 97.0, -15.0],178.104465543
180119,012240.00,43.1334471667,141.221967333,35,2,-204,39,-35,58,58,[-2870.0, 45.0, 0.0],178.463864808
180119,012241.00,43.1334285,141.222012167,10,7,-265,57,-26,49,49,[-3865.0, 77.0, 20.0],178.628265344
180119,012242.00,43.1334101667,141.222054667,26,11,-258,67,-20,50,50,[-3040.0, 87.0, -40.0],177.962067563
180119,012243.00,43.133392,141.222095333,10,13,-270,54,-11,50,50,[-4115.0, 97.0, -20.0],178.356201408
180119,012244.00,43.133375,141.222136167,13,30,-270,65,-28,42,42,[-942.0, 77.0, -20.0],166.304123496
180119,012245.00,43.1333601667,141.222175,6,9,-197,47,-12,60,60,[-3327.0, 92.0, -45.0],178.417916274
180119,012300.00,43.1333743333,141.222129667,19,-2,-281,42,26,84,84,[-2910.0, 40.0, 0.0],178.284703194
180119,012301.00,43.1333896667,141.222087333,9,20,-218,57,-4,55,55,[-4005.0, 97.0, 5.0],178.23634187
180119,012302.00,43.1334076667,141.222043167,46,28,-195,40,37,65,65,[-2202.0, 60.0, 15.0],178.669796917
