180119,014833.00,43.1337971667,141.221354,12,23,-272,65,-23,57,57,[-4097.0, 67.0, 1080.0],179.061956443
180119,014848.00,43.133793,141.221350667,13,23,-272,64,-10,67,67,[-2785.0, 82.0, -5.0],177.676082569
180119,014849.00,43.1337931667,141.221350333,13,24,-271,58,-17,60,60,[3332.0, 122.0, -20.0],1.94974167211
180119,014850.00,43.1337933333,141.221350333,12,24,-272,63,-18,61,61,[-2850.0, 50.0, 1022.0],1.37216841055
180119,014851.00,43.1337935,141.221350333,11,22,-273,60,-10,61,61,[-2192.0, 92.0, -230.0],177.492486723
180119,014852.00,43.1337936667,141.221350333,13,23,-272,60,-18,60,60,[-612.0, 107.0, 0.0],171.652530188
180119,014853.00,43.1337936667,141.221350333,14,22,-267,57,-9,73,73,[1052.0, 102.0, 35.0],3.32195827308
180119,014854.00,43.1337935,141.221350167,16,19,-265,68,-21,65,65,[-215.0, 107.0, 205.0],153.996654155
180119,014855.00,43.1337931667,141.221349833,11,19,-270,53,-16,61,61,[-210.0, 97.0, 10.0],2.91532211664
180119,014856.00,43.1337928333,141.221349667,20,22,-262,55,-14,65,65,[-1835.0, 140.0, 1122.0],175.982369179
180119,014857.00,43.1337925,141.2213495,7,29,-278,63,-25,66,66,[-5112.0, 67.0, 1137.0],178.796200649
180119,014912.00,43.1337903333,141.221348,8,24,-271,64,-14,63,63,[-5825.0, 87.0, 162.0],179.556008529
180119,014913.00,43.1337906667,141.221347833,14,23,-263,52,-14,63,63,[-5407.0, 92.0, 1012.0],178.702156076
180119,014914.00,43.1337906667,141.2213475,11,29,-279,69,-23,65,65,[1247.0, 77.0, 1080.0],3.06423337493
180119,014915.00,43.1337908333,141.221347333,12,24,-270,50,-2,65,65,[-5825.0, 67.0, 0.0],179.039714841
180119,014916.00,43.133791,141.221347167,7,22,-287,79,-31,58,58,[1225.0, 87.0, 140.0],2.33051886798
180119,014917.00,43.133791,141.221347,14,28,-267,71,-49,56,56,[-4250.0, 67.0, -5.0],178.617687348
180119,014918.00,43.133791,141.221346667,-3,27,-281,43,-30,50,50,[-2632.0, 92.0, -77.0],177.667582215
180119,014919.00,43.133791,141.2213465,-7,63,-278,72,-58,44,44,[-2632.0, 82.0, 1047.0],178.850406206
180119,014920.00,43.133791,141.221346333,31,35,-237,49,9,5,5,[-1122.0, 97.0, 1200.0],174.731919861
180119,014921.00,43.133791,141.221346,65,35,-287,65,8,100,100,[-617.0, 150.0, -247.0],179.111428551
180119,014935.00,43.1337641667,141.221401,5,32,-276,45,-30,55,55,[-2780.0, 92.0, -92.0],176.997531544
180119,014936.00,43.133761,141.221408333,-11,9,-288,65,12,87,87,[9517.0, 127.0, 905.0],0.904119260541
180119,014937.00,43.1337578333,141.2214165,31,23,-216,68,-28,75,75,[3067.0, 77.0, -30.0],175.529726078
180119,014938.00,43.1337538333,141.221425833,6,26,-243,19,10,62,62,[797.0, 107.0, 40.0],4.13467137374
180119,014939.00,43.1337495,141.221436333,13,22,-270,68,-34,51,51,[-2470.0, 72.0, 970.0],177.419401423
180119,014940.00,43.1337446667,141.221447833,28,24,-289,74,-48,50,50,[-4207.0, 45.0, -72.0],178.749340995
180119,014941.00,43.13374,141.221458333,13,36,-270,60,-22,40,40,[4315.0, 72.0, 5.0],1.42543802624
180119,014942.00,43.1337355,141.2214685,37,55,-261,41,-5,37,37,[1650.0, 87.0, -40.0],4.00417294071
180119,014943.00,43.1337308333,141.2214795,41,34,-292,75,-58,55,55,[2035.0, 127.0, 5.0],2.53623898235
180119,014958.00,43.1337085,141.221551667,17,18,-260,42,-57,50,50,[-1992.0, 40.0, 52.0],177.00485916
180119,014959.00,43.1337061667,141.2215595,30,17,-257,96,-25,58,58,[172.0, 72.0, 1142.0],4.53349430896
180119,015000.00,43.1337033333,141.221567333,22,14,-276,39,14,42,42,[-1737.0, 50.0, -5.0],176.4027081
180119,015001.00,43.1337008333,141.221575,6,37,-290,56,-23,79,79,[-1280.0, 60.0, 1137.0],179.348569521
180119,015002.00,43.1336985,141.221582167,-8,15,-271,27,49,43,43,[-2555.0, 150.0, 995.0],177.804359748
180119,015003.00,43.1336956667,141.221589833,24,8,-239,87,-14,74,74,[-5640.0, 50.0, -125.0],179.39232493
180119,015004.00,43.1336931667,141.221596833,-12,8,-269,37,-47,55,55,[-3332.0, 67.0, -72.0],178.445297079
180119,015005.00,43.1336903333,141.221603333,-2,37,-271,74,-39,53,53,[-5682.0, 77.0, 1012.0],179.272730154
180119,015006.00,43.1336881667,141.221610167,22,25,-293,29,-12,70,70,[-1775.0, 60.0, 852.0],179.174191404
180119,015020.00,43.1336513333,141.2217045,28,47,-236,93,-34,77,77,[2475.0, 102.0, -295.0],178.181399641
180119,015021.00,43.133649,141.221710667,12,42,-260,97,-39,57,57,[-7355.0, 72.0, -195.0],179.62805132
180119,015022.00,43.1336461667,141.2217175,37,29,-249,39,-23,49,49,[1535.0, 97.0, 1017.0],2.464001542
180119,015023.00,43.1336435,141.221723833,-5,22,-283,63,5,56,56,[3392.0, 87.0, 20.0],1.14991419716
180119,015024.00,43.1336405,141.221729833,15,39,-240,87,-7,38,38,[-4977.0, 82.0, 942.0],178.946929441
180119,015025.00,43.1336376667,141.221735333,10,18,-278,57,2,58,58,[5140.0, 77.0, -82.0],0.569427461697
180119,015026.00,43.1336355,141.2217405,-7,23,-244,55,7,64,64,[-3842.0, 60.0, -130.0],178.030093699
180119,015027.00,43.133633,141.221746167,-30,-3,-299,70,-49,51,51,[-5232.0, 87.0, 932.0],178.609492478
180119,015028.00,43.1336308333,141.221751833,20,48,-255,36,7,54,54,[-2887.0, 77.0, -157.0],178.402700482
180119,015042.00,43.1335898333,141.2218445,34,-3,-226,57,9,63,63,[-3185.0, 135.0, 1100.0],178.13470476
180119,015043.00,43.133587,141.221850667,-13,16,-284,57,-16,58,58,[-4032.0, 87.0, 975.0],2.6955509148
180119,015044.00,43.1335851667,141.221856833,24,8,-256,65,-36,58,58,[-7710.0, 50.0, 1047.0],179.199183646
180119,015045.00,43.1335833333,141.2218625,-23,43,-289,54,-40,52,52,[-3420.0, 127.0, 1012.0],177.937093485
180119,015046.00,43.1335815,141.221867167,-40,37,-340,35,42,40,40,[-3822.0, 72.0, -5.0],178.801323002
180119,015047.00,43.1335798333,141.221871333,4,-14,-304,44,-4,51,51,[-650.0, 82.0, 842.0],174.779827895
180119,015048.00,43.1335783333,141.221876167,37,80,-204,51,-16,57,57,[437.0, 67.0, -10.0],177.729420562
180119,015049.00,43.133577,141.221881167,7,36,-278,64,-23,52,52,[-4810.0, 55.0, -52.0],178.832579518
180119,015050.00,43.1335755,141.221886333,-15,11,-277,64,-15,41,41,[-400.0, 77.0, 1012.0],164.643626553
180119,015104.00,43.1335311667,141.221993667,58,15,-213,49,15,62,62,[1867.0, 97.0, 922.0],3.61325889106
180119,015105.00,43.1335285,141.2220005,-8,29,-298,94,-46,84,84,[-4370.0, 160.0, -110.0],177.931133105
180119,015106.00,43.1335255,141.222007833,6,-2,-276,64,-25,65,65,[460.0, 45.0, 30.0],6.03768252142
180119,015107.00,43.1335228333,141.222015,-22,27,-300,37,-4,61,61,[-4930.0, 45.0, -200.0],178.71086108
180119,015108.00,43.1335198333,141.222022667,16,10,-276,62,-6,51,51,[-5145.0, 82.0, 947.0],179.245324267
180119,015109.00,43.1335168333,141.222030167,15,35,-277,56,-26,56,56,[872.0, 40.0, -5.0],1.29459951816
180119,015110.00,43.1335138333,141.222038,-32,23,-261,42,40,41,41,[515.0, 107.0, -10.0],7.80155872779
180119,015111.00,43.1335106667,141.222046,4,21,-270,36,34,65,65,[-3002.0, 87.0, -77.0],179.269700947
180119,015112.00,43.1335075,141.222054167,-61,45,-302,51,15,47,47,[4445.0, 60.0, 2345.0],177.477587717
180119,015127.00,43.1334586667,141.222171833,18,44,-263,70,-33,65,65,[5700.0, 77.0, -92.0],0.409768931827
180119,015128.00,43.133455,141.222178833,14,8,-242,61,-29,85,85,[-2307.0, 102.0, -45.0],177.928448815
180119,015129.00,43.1334518333,141.222185833,25,32,-256,101,-31,-62,-62,[8355.0, 30.0, -92.0],178.206978534
180119,015130.00,43.1334485,141.222192833,-15,25,-310,28,16,-126,-126,[-2397.0, 60.0, -235.0],178.698047327
180119,015131.00,43.133445,141.222199833,42,28,-291,0,16,-110,-110,[-7177.0, 60.0, -77.0],179.426025028
180119,015132.00,43.1334415,141.2222065,49,18,-251,41,-50,-59,-59,[-7980.0, 87.0, 1042.0],179.23158197
180119,015133.00,43.1334385,141.2222135,8,39,-268,68,-54,22,22,[-8800.0, 107.0, -62.0],179.303765287
180119,015134.00,43.1334353333,141.22222,16,35,-270,72,-30,86,86,[-3945.0, 77.0, 115.0],178.980347912
180119,015135.00,43.1334321667,141.222226833,5,9,-265,62,-28,102,102,[-3550.0, 77.0, -40.0],178.917246758
180119,015150.00,43.133429,141.222277333,6,31,-250,84,-35,-103,-103,[-1382.0, 112.0, -62.0],177.825805786
180119,015151.00,43.133425,141.222271667,39,16,-265,69,-9,-65,-65,[-8660.0, 60.0, 72.0],179.327668975
180119,015152.00,43.1334208333,141.2222665,10,61,-280,33,51,25,25,[-6010.0, 50.0, 52.0],179.276302326
180119,015153.00,43.1334151667,141.222261,23,28,-266,84,28,91,91,[-7340.0, 102.0, 25.0],179.474293413
180119,015154.00,43.1334096667,141.222257333,10,29,-264,29,11,51,51,[-585.0, 67.0, -195.0],179.536976465
180119,015155.00,43.133404,141.222255,4,21,-269,86,-11,33,33,[-9550.0, 107.0, 67.0],179.507377776
180119,015156.00,43.1333981667,141.222254333,18,31,-259,53,-45,1,1,[-3717.0, 72.0, -72.0],178.218648026
180119,015157.00,43.1333928333,141.2222545,14,29,-274,52,22,-29,-29,[-8582.0, 87.0, 1237.0],179.428107378
180119,015158.00,43.1333923333,141.222254667,12,42,-272,-19,8,-46,-46,[-7975.0, 77.0, 1032.0],179.41015845
180119,015212.00,43.1334338333,141.2222315,-20,14,-289,65,10,55,55,[-3977.0, 55.0, 1222.0],178.54014654
180119,015213.00,43.1334365,141.222227333,14,25,-273,59,-26,54,54,[-8057.0, 25.0, 45.0],179.642442363
180119,015214.00,43.1334395,141.222222833,6,22,-279,78,-20,56,56,[-6020.0, 107.0, 505.0],179.357667848
180119,015215.00,43.1334421667,141.222218333,-11,30,-287,60,8,71,71,[-5972.0, 87.0, 0.0],179.423699776
180119,015216.00,43.1334443333,141.222214,12,0,-279,60,-24,59,59,[-8810.0, 92.0, 1017.0],179.609574837
180119,015217.00,43.1334466667,141.222209,5,39,-276,7,12,46,46,[-5965.0, 60.0, 215.0],178.978757322
180119,015219.00,43.1334515,141.222197667,-15,27,-289,60,-15,74,74,[-4842.0, 45.0, 0.0],179.57977445
180119,015220.00,43.133454,141.222191833,-1,-5,-276,73,-15,57,57,[-3230.0, 97.0, 990.0],177.996716999
180119,015235.00,43.1334961667,141.222093333,5,1,-277,48,-24,62,62,[-8915.0, 112.0, -82.0],179.312355126
180119,015236.00,43.133499,141.222086,3,24,-277,51,3,56,56,[-10125.0, 55.0, -45.0],179.910568575
180119,015237.00,43.1335021667,141.222078667,-8,23,-271,64,-10,57,57,[-8067.0, 107.0, 20.0],179.206833452
180119,015238.00,43.1335053333,141.2220715,-17,19,-280,61,-40,56,56,[-8935.0, 97.0, -40.0],179.286388402
180119,015239.00,43.1335073333,141.222066333,7,17,-277,70,-61,46,46,[-4347.0, 50.0, 72.0],178.988230175
180119,015240.00,43.1335088333,141.2220625,12,4,-291,42,-13,51,51,[-4582.0, 82.0, 905.0],178.778714532
180119,015241.00,43.1335105,141.222058333,-10,27,-264,91,-34,55,55,[-2192.0, 82.0, 2182.0],175.785821477
180119,015242.00,43.1335125,141.222053667,7,12,-298,23,24,48,48,[-9717.0, 77.0, -40.0],179.280671211
180119,015243.00,43.1335146667,141.222048333,9,24,-290,34,-20,46,46,[-7762.0, 55.0, -135.0],140.542992088
180119,015258.00,43.1335433333,141.221985333,26,12,-267,61,10,56,56,[-5417.0, 117.0, 67.0],178.512132471
180119,015259.00,43.1335448333,141.221982167,4,21,-285,30,-55,48,48,[-6062.0, 82.0, -67.0],179.396908806
180119,015300.00,43.1335463333,141.221979667,-19,7,-282,52,7,63,63,[-10792.0, 50.0, 195.0],179.565387252
180119,015301.00,43.1335476667,141.221976667,8,17,-239,51,13,37,37,[-2877.0, 77.0, 10.0],175.294681454
180119,015302.00,43.1335495,141.221972833,-11,52,-266,62,54,40,40,[-4077.0, 77.0, -67.0],178.69126026
180119,015303.00,43.1335521667,141.2219675,15,28,-284,61,-14,50,50,[-8887.0, 92.0, 195.0],179.437089505
180119,015304.00,43.1335546667,141.221961833,-11,6,-274,56,2,56,56,[-9820.0, 72.0, -35.0],179.667310763
180119,015305.00,43.1335566667,141.221955833,1,24,-265,69,-27,54,54,[-6725.0, 135.0, 100.0],179.210591857
180119,015306.00,43.1335591667,141.2219495,-35,36,-302,55,14,40,40,[-9495.0, 72.0, 195.0],177.491852315
180119,015320.00,43.1335995,141.221852333,-25,45,-281,26,32,58,58,[-9370.0, 55.0, -100.0],179.377111568
180119,015321.00,43.1336025,141.221845167,1,12,-290,75,-50,66,66,[-1427.0, 92.0, 67.0],179.116379915
180119,015322.00,43.1336056667,141.2218385,6,19,-266,83,-30,53,53,[-5737.0, 97.0, -35.0],179.280342083
180119,015323.00,43.1336083333,141.221831667,13,25,-225,76,-37,59,59,[-8512.0, 82.0, 905.0],179.516955692
180119,015324.00,43.1336115,141.221824667,-3,-11,-306,50,-39,60,60,[-5722.0, 72.0, 1290.0],179.503228233
180119,015325.00,43.1336146667,141.221817667,-29,34,-280,38,37,47,47,[-3920.0, 67.0, 100.0],178.851852036
180119,015326.00,43.1336176667,141.221811167,15,4,-274,55,7,63,63,[-8822.0, 102.0, 105.0],179.391888651
180119,015327.00,43.1336203333,141.221804833,4,39,-267,100,-52,57,57,[-7915.0, 102.0, 82.0],179.709603199
180119,015328.00,43.1336231667,141.221798167,-5,16,-274,113,-76,57,57,[-5662.0, 87.0, 115.0],179.547674296
180119,015343.00,43.133649,141.221740833,8,26,-251,24,22,58,58,[-10810.0, 97.0, 110.0],179.378931865
180119,015344.00,43.1336488333,141.221740833,4,16,-298,27,7,55,55,[-4875.0, 67.0, 2350.0],179.420103005
180119,015345.00,43.133649,141.221740667,-2,20,-295,26,31,52,52,[2225.0, 97.0, 917.0],179.206193608
180119,015346.00,43.1336491667,141.221740333,-1,14,-289,99,-61,57,57,[-9605.0, 67.0, -20.0],179.790236054
180119,015347.00,43.1336495,141.221740167,-9,7,-288,88,-34,62,62,[-4065.0, 155.0, 1052.0],178.508694913
180119,015348.00,43.1336498333,141.221739833,13,23,-248,33,17,54,54,[1660.0, 87.0, 1137.0],1.43784516491
180119,015349.00,43.1336498333,141.221739667,4,15,-276,27,-20,38,38,[-6922.0, 60.0, 957.0],179.23187177
180119,015350.00,43.1336498333,141.2217395,8,15,-269,13,12,67,67,[-9040.0, 107.0, 82.0],179.537171731
180119,015351.00,43.1336496667,141.2217395,-11,4,-290,70,-29,56,56,[-10010.0, 55.0, -72.0],179.442408432
180119,015352.00,43.1336491667,141.221739667,-3,17,-306,29,15,37,37,[-7242.0, 72.0, -115.0],179.640508053
180119,015407.00,43.1336646667,141.221706667,26,41,-242,45,-60,59,59,[-297.0, 67.0, 2172.0],78.9765440363
180119,015408.00,43.133667,141.221701333,2,14,-287,64,26,49,49,[-9045.0, 50.0, -35.0],179.512791973
180119,015409.00,43.1336693333,141.221695833,-15,16,-281,73,-43,36,36,[-1545.0, 82.0, 120.0],179.650710812
180119,015410.00,43.1336713333,141.221690333,-21,44,-310,80,-12,39,39,[-3875.0, 72.0, -230.0],178.55186158
180119,015411.00,43.133673,141.221684167,-6,-4,-267,55,4,47,47,[-1042.0, 77.0, -5.0],176.001362669
180119,015412.00,43.1336753333,141.221678,12,34,-267,22,-56,46,46,[-8182.0, 72.0, 10.0],179.468199348
180119,015413.00,43.1336776667,141.221671667,-7,17,-298,50,-43,70,70,[-7605.0, 20.0, 947.0],179.189336246
180119,015414.00,43.1336805,141.221665,-15,15,-281,85,-28,75,75,[-7420.0, 107.0, 927.0],179.375991086
180119,015415.00,43.1336828333,141.221658333,1,24,-267,31,1,51,51,[-9755.0, 72.0, 1247.0],179.144638507
180119,015429.00,43.1337218333,141.221566667,2,21,-272,85,-32,61,61,[-6112.0, 87.0, -82.0],178.896662131
180119,015430.00,43.133724,141.221561167,20,33,-279,10,17,47,47,[-4347.0, 92.0, 1052.0],179.240657058
180119,015431.00,43.1337258333,141.221556333,-3,25,-276,37,81,61,61,[-8280.0, 107.0, 210.0],179.428802642
180119,015432.00,43.1337271667,141.221552667,-2,30,-279,16,2,63,63,[-4320.0, 112.0, 290.0],178.456475258
180119,015433.00,43.1337288333,141.2215485,33,13,-266,23,-8,74,74,[-8415.0, 60.0, 367.0],179.371591914
180119,015434.00,43.1337308333,141.221544,-7,7,-295,23,44,40,40,[-8165.0, 112.0, 135.0],179.283840055
180119,015435.00,43.133733,141.221539,11,19,-258,30,26,47,47,[-10597.0, 60.0, -45.0],179.106652346
180119,015436.00,43.1337348333,141.221533,17,-4,-263,80,-73,52,52,[-6817.0, 50.0, 92.0],179.435652296
180119,015437.00,43.1337371667,141.221525833,11,-12,-301,51,18,51,51,[-9527.0, 87.0, 1112.0],179.158536255
180119,015451.00,43.133779,141.221434667,15,10,-285,50,-15,63,63,[-4722.0, 67.0, 72.0],178.878608802
180119,015452.00,43.1337791667,141.221433667,4,26,-276,48,-10,54,54,[-3940.0, 67.0, -10.0],178.20577917
180119,015453.00,43.133779,141.221433833,11,22,-274,59,2,49,49,[-3527.0, 77.0, -62.0],178.582963764
180119,015454.00,43.1337793333,141.221433167,-10,37,-270,56,-19,-83,-83,[-7785.0, 55.0, 1100.0],179.631163975
180119,015455.00,43.13378,141.2214315,26,6,-261,27,-8,-117,-117,[-1447.0, 77.0, 1312.0],174.341938047
180119,015456.00,43.1337803333,141.221430167,39,36,-268,60,-12,-98,-98,[-3625.0, 40.0, 135.0],178.402336688
180119,015457.00,43.1337811667,141.2214285,-13,7,-276,39,15,-12,-12,[4902.0, 5.0, -40.0],0.675068228616
180119,015458.00,43.1337818333,141.2214265,12,26,-278,58,-15,-14,-14,[4017.0, 150.0, 1117.0],1.29810585526
180119,015459.00,43.133783,141.2214235,65,37,-266,59,17,151,151,[4190.0, 50.0, 5.0],0.680925624256
180119,015513.00,43.1337733333,141.221332,1,19,-303,43,-50,-101,-101,[2882.0, 72.0, -62.0],2.51448543556
180119,015514.00,43.133779,141.221337833,-2,29,-293,50,25,-103,-103,[8762.0, 87.0, -125.0],0.46625212829
180119,015515.00,43.1337838333,141.221343167,2,29,-289,50,-39,-84,-84,[4517.0, 67.0, 905.0],0.954841253872
180119,015516.00,43.1337898333,141.221347833,34,19,-258,60,-9,-109,-109,[-6667.0, 25.0, 1042.0],175.071715718
180119,015517.00,43.1337968333,141.221350667,8,62,-268,68,-36,63,63,[-367.0, 92.0, -82.0],157.619864948
180119,015518.00,43.1338038333,141.221351667,-6,23,-270,51,2,46,46,[-2865.0, 127.0, 62.0],179.197309548
180119,015519.00,43.133811,141.221351167,10,23,-273,64,-2,53,53,[-4440.0, 97.0, 1012.0],179.350906401
180119,015520.00,43.1338173333,141.221349,15,26,-275,50,-30,53,53,[-4750.0, 117.0, 1032.0],178.57913251
180119,015521.00,43.133823,141.221345333,20,20,-266,46,-12,41,41,[1585.0, 160.0, 40.0],178.090847567
180119,015536.00,43.1338326667,141.221337833,12,22,-273,52,-9,53,53,[7470.0, 107.0, -5.0],0.626241912425
180119,015537.00,43.1338326667,141.221337667,15,21,-271,56,-4,59,59,[-510.0, 92.0, 905.0],178.288528217
180119,015538.00,43.133833,141.221337667,13,22,-273,47,-5,51,51,[1557.0, 77.0, -5.0],3.01498738053
180119,015539.00,43.1338335,141.221337667,11,21,-274,51,-16,53,53,[2990.0, 87.0, 980.0],2.38829199354
180119,015540.00,43.1338338333,141.221337667,14,21,-273,50,-7,53,53,[-5390.0, 67.0, -72.0],178.465227106
180119,015541.00,43.1338341667,141.221337833,13,22,-273,43,-9,54,54,[-1377.0, 72.0, 1090.0],178.808165423
180119,015542.00,43.1338346667,141.221337833,12,23,-272,53,-1,48,48,[-117.0, 55.0, 5.0],179.361633329
180119,015543.00,43.1338351667,141.221337833,13,21,-273,58,-16,55,55,[6877.0, 40.0, 1085.0],0.679889059186
180119,015544.00,43.1338355,141.221337833,12,22,-272,48,-8,53,53,[-672.0, 30.0, 5.0],173.449273529
180119,015545.00,43.1338353333,141.221337667,13,22,-273,51,-3,60,60,[965.0, 117.0, 957.0],3.98745769455
180119,015600.00,43.1338333333,141.221338,12,21,-272,56,-4,61,61,[-4370.0, 82.0, -62.0],2.01878551339
180119,015601.00,43.133833,141.221338,14,20,-272,52,-8,48,48,[-5250.0, 122.0, 1070.0],178.988744368
180119,015602.00,43.1338325,141.221338,12,21,-273,51,-8,54,54,[-4847.0, 97.0, -140.0],178.967006692
180119,015603.00,43.1338323333,141.221338167,14,22,-272,49,-5,48,48,[-1645.0, 67.0, -62.0],177.527150691
180119,015604.00,43.133832,141.221338167,12,21,-273,46,-2,47,47,[-3995.0, 67.0, 1065.0],179.354643043
180119,015605.00,43.133832,141.221338167,13,20,-271,53,-9,48,48,[-4597.0, 135.0, -62.0],7.88313931673
180119,015606.00,43.1338318333,141.221338167,14,22,-273,55,-8,53,53,[-4722.0, 60.0, 1070.0],179.062804005
180119,015607.00,43.1338315,141.221338167,13,21,-273,52,-12,56,56,[-3827.0, 72.0, -25.0],178.686729948
180119,015608.00,43.1338313333,141.221338,7,27,-269,53,-9,50,50,[1362.0, 112.0, -120.0],2.04439526509
180119,015623.00,43.1338296667,141.2213385,13,22,-273,49,-10,51,51,[1980.0, 102.0, -35.0],2.6813747761
180119,015624.00,43.1338296667,141.221338167,12,22,-273,48,-5,48,48,[1520.0, 45.0, 1070.0],2.56262999695
180119,015625.00,43.1338298333,141.221338,14,21,-273,49,-7,57,57,[-2405.0, 145.0, -5.0],178.978646554
180119,015626.00,43.1338298333,141.221337833,13,22,-272,58,-9,55,55,[1432.0, 127.0, 0.0],5.08580458228
180119,015627.00,43.1338298333,141.221337667,12,22,-271,51,-9,53,53,[-5682.0, 112.0, 1057.0],178.740442317
180119,015628.00,43.1338298333,141.221337667,13,23,-272,49,-12,49,49,[-3512.0, 55.0, 1017.0],179.4395766
180119,015629.00,43.13383,141.221337667,15,21,-272,49,-3,52,52,[-4732.0, 112.0, -67.0],178.697770823
180119,015630.00,43.13383,141.221337667,13,21,-272,56,-4,49,49,[6010.0, 67.0, 200.0],178.830082327
180119,015631.00,43.13383,141.221337667,12,21,-273,49,-7,50,50,[-1127.0, 15.0, 0.0],178.754635733
180119,015646.00,43.1338308333,141.221336167,13,21,-273,51,-3,51,51,[-5705.0, 97.0, 1122.0],179.444923501
180119,015647.00,43.1338308333,141.221336,13,22,-273,46,-11,52,52,[-5830.0, 77.0, -62.0],179.098550236
180119,015648.00,43.1338306667,141.221335833,15,22,-272,45,-8,52,52,[-5140.0, 102.0, 990.0],179.486380594
180119,015649.00,43.1338303333,141.221335667,12,23,-269,50,-13,45,45,[-1067.0, 82.0, 1017.0],177.049220891
180119,015650.00,43.13383,141.221335833,11,20,-272,51,-5,52,52,[-5972.0, 67.0, 5.0],179.182179406
180119,015651.00,43.1338295,141.221335833,11,23,-273,44,-6,44,44,[-177.0, 107.0, -45.0],159.734302529
180119,015652.00,43.133829,141.221335833,13,20,-273,48,-8,52,52,[6927.0, 92.0, -30.0],1.04207413965
180119,015653.00,43.1338286667,141.221335833,13,23,-272,44,-9,48,48,[-4517.0, 92.0, -72.0],178.768668258
180119,015654.00,43.1338283333,141.221335833,13,21,-272,50,-2,52,52,[-5310.0, 107.0, -182.0],179.350415821
180119,015708.00,43.1338283333,141.221339667,12,21,-272,47,-22,50,50,[-232.0, 97.0, 1052.0],12.7632134479
180119,015709.00,43.1338283333,141.22134,14,21,-271,50,-7,55,55,[-4440.0, 97.0, -87.0],178.938369212
180119,015710.00,43.1338283333,141.2213405,14,21,-272,50,-11,54,54,[3805.0, 40.0, 0.0],179.075208977
180119,015711.00,43.1338285,141.221340833,13,22,-272,51,1,55,55,[-5112.0, 72.0, 952.0],179.13160685
180119,015712.00,43.1338288333,141.221341,13,24,-273,45,-14,46,46,[-4972.0, 67.0, 0.0],179.481969093
180119,015713.00,43.1338286667,141.221341667,15,22,-273,56,-8,58,58,[-4235.0, 122.0, -92.0],178.07878331
180119,015714.00,43.1338285,141.221342167,12,22,-276,56,-8,53,53,[-3755.0, 140.0, 1017.0],178.817386464
180119,015715.00,43.1338283333,141.221342667,16,19,-270,43,3,57,57,[-5172.0, 97.0, -10.0],179.146226344
180119,015716.00,43.1338281667,141.221343,13,21,-272,52,-7,49,49,[4380.0, 107.0, -110.0],0.876373938731
180119,015731.00,43.1338261667,141.221343167,13,21,-272,47,-11,43,43,[-5640.0, 77.0, 970.0],179.641714107
180119,015732.00,43.1338263333,141.221342667,14,21,-272,48,-9,56,56,[1117.0, 82.0, -5.0],179.147051603
180119,015733.00,43.1338265,141.221342167,12,21,-273,54,0,44,44,[-4875.0, 45.0, 10.0],179.149836487
180119,015734.00,43.1338266667,141.221341667,32,21,-270,47,-7,42,42,[-4700.0, 140.0, 1042.0],179.049273684
180119,015735.00,43.1338268333,141.221341167,8,19,-274,50,-4,52,52,[-3012.0, 92.0, -77.0],177.199720832
180119,015736.00,43.133827,141.221340667,15,18,-265,44,-13,46,46,[1487.0, 35.0, 5.0],2.74443453968
180119,015737.00,43.1338271667,141.221340333,6,23,-273,57,0,59,59,[1220.0, 87.0, -10.0],177.085094532
180119,015738.00,43.1338273333,141.221339833,15,20,-269,50,-8,50,50,[190.0, 35.0, -115.0],1.3639275316
180119,015739.00,43.1338275,141.221339667,19,23,-272,55,-13,50,50,[-6585.0, 107.0, 5.0],179.152465267
180119,015754.00,43.1338286667,141.221341667,18,22,-272,49,6,50,50,[-2512.0, 107.0, -15.0],178.137748065
180119,015755.00,43.1338288333,141.221341833,16,18,-266,42,0,45,45,[-6242.0, 77.0, 1095.0],178.959671131
180119,015756.00,43.1338288333,141.221341833,9,25,-280,54,-6,44,44,[6330.0, 145.0, 985.0],0.909238979187
180119,015757.00,43.1338288333,141.221341833,11,15,-266,40,-3,47,47,[-1205.0, 72.0, 1112.0],179.153596682
180119,015758.00,43.1338288333,141.221341667,14,19,-268,52,-4,49,49,[-4607.0, 102.0, 0.0],179.37178198
180119,015759.00,43.1338286667,141.221341833,12,25,-279,53,-5,56,56,[15.0, 72.0, -105.0],90.0
180119,015800.00,43.1338285,141.221341833,19,17,-266,45,-3,50,50,[-477.0, 92.0, -5.0],19.0256060376
180119,015801.00,43.1338283333,141.221341833,19,16,-271,43,-9,47,47,[-3440.0, 92.0, -5.0],178.129781904
180119,015802.00,43.133828,141.221342,11,24,-273,49,-8,46,46,[-5917.0, 87.0, 1070.0],178.72016589
180119,015816.00,43.1338255,141.2213435,11,25,-277,37,-12,46,46,[-5080.0, 102.0, 1012.0],136.439289628
180119,015817.00,43.1338255,141.2213435,16,17,-266,36,-1,43,43,[-6062.0, 82.0, 970.0],179.31362749
180119,015818.00,43.1338255,141.2213435,12,22,-272,43,1,51,51,[-2595.0, 117.0, 1095.0],178.419827527
180119,015819.00,43.1338255,141.221343667,19,17,-270,60,-10,47,47,[-5292.0, 102.0, -167.0],178.531199286
180119,015820.00,43.1338255,141.2213435,12,18,-268,36,-15,49,49,[1617.0, 55.0, -30.0],1.82312279868
180119,015821.00,43.1338255,141.2213435,15,23,-274,42,-2,44,44,[2470.0, 87.0, 985.0],1.99149690353
180119,015822.00,43.1338255,141.221343667,18,9,-268,70,-47,54,54,[3165.0, 92.0, -5.0],176.747575438
180119,015823.00,43.1338255,141.221343833,-2,23,-286,4,42,36,36,[-2780.0, 25.0, 0.0],180.0
180119,015824.00,43.1338255,141.221344,9,41,-307,40,-1,43,43,[-7937.0, 102.0, -57.0],179.408450393
180119,015839.00,43.133825,141.221344833,29,15,-268,27,-23,39,39,[-5722.0, 112.0, -87.0],179.25100516
180119,015840.00,43.1338246667,141.221345,5,44,-259,26,20,48,48,[-1545.0, 102.0, 10.0],174.514664949
180119,015841.00,43.1338238333,141.221347333,25,60,-251,106,-56,51,51,[-4310.0, 112.0, 990.0],179.195606662
180119,015842.00,43.1338216667,141.221351333,13,31,-298,81,-50,62,62,[3957.0, 77.0, -157.0],1.95435833436
180119,015843.00,43.1338193333,141.221356333,20,15,-251,21,0,36,36,[-6150.0, 60.0, 1070.0],179.155586339
180119,015844.00,43.1338168333,141.221362667,4,42,-258,54,-27,19,19,[-6275.0, 77.0, -15.0],178.829636142
180119,015845.00,43.1338143333,141.221369,17,13,-255,40,-31,29,29,[4227.0, 67.0, -72.0],1.38231265241
180119,015846.00,43.1338103333,141.221377167,-13,48,-273,29,10,47,47,[-390.0, 87.0, -105.0],4.52386817618
180119,015847.00,43.1338063333,141.221386,4,42,-267,10,-17,48,48,[-1442.0, 127.0, 0.0],176.922115615
180119,015901.00,43.1337546667,141.221500667,4,47,-284,38,21,56,56,[857.0, 107.0, -77.0],7.27108067903
180119,015902.00,43.1337546667,141.221500833,7,44,-262,16,32,55,55,[-460.0, 117.0, 970.0],3.19278222111
180119,015903.00,43.1337548333,141.221501,-8,40,-307,2,58,15,15,[-6635.0, 50.0, -72.0],179.377056241
180119,015904.00,43.133754,141.221502667,-15,25,-273,8,-24,31,31,[-4272.0, 40.0, 1012.0],178.899068271
180119,015905.00,43.1337526667,141.221507,-17,26,-245,25,-2,23,23,[-5520.0, 107.0, 1017.0],178.801370887
180119,015906.00,43.1337501667,141.221512833,7,42,-251,64,-30,52,52,[-2475.0, 77.0, -67.0],177.63528306
180119,015907.00,43.1337473333,141.221519667,-9,7,-262,35,-11,51,51,[-895.0, 30.0, 0.0],179.279084512
180119,015908.00,43.1337445,141.221527333,-49,35,-291,73,-1,53,53,[-5445.0, 35.0, 1105.0],179.072688824
180119,015909.00,43.1337413333,141.221534333,10,40,-281,46,-2,47,47,[-7590.0, 160.0, 5.0],179.379137039
180119,015924.00,43.1337026667,141.221632167,16,8,-248,48,0,44,44,[1062.0, 97.0, 1137.0],1.90661216346
180119,015925.00,43.1337001667,141.221638833,13,-5,-300,50,-12,46,46,[190.0, 77.0, -67.0],26.1139126303
180119,015926.00,43.1336975,141.221646,30,24,-273,26,-29,45,45,[-3647.0, 145.0, -62.0],174.065145842
180119,015927.00,43.1336946667,141.221653667,25,0,-276,54,26,44,44,[-5162.0, 102.0, -45.0],179.335987471
180119,015928.00,43.1336913333,141.221661333,19,54,-278,33,-22,54,54,[-5835.0, 82.0, 1057.0],179.406487602
180119,015929.00,43.133688,141.221669333,49,9,-252,30,23,52,52,[-427.0, 102.0, 1052.0],21.4405591031
180119,015930.00,43.133685,141.221677667,6,33,-280,19,43,47,47,[-2030.0, 87.0, -72.0],176.3520437
180119,015931.00,43.1336816667,141.221685333,6,28,-286,3,44,41,41,[-3387.0, 50.0, -40.0],176.558906918
180119,015932.00,43.1336783333,141.221693167,28,11,-256,22,8,41,41,[32.0, 72.0, -10.0],18.9390042602
180119,015947.00,43.1336541667,141.221755333,22,51,-253,46,-32,56,56,[-5362.0, 97.0, -82.0],179.167962109
180119,015948.00,43.1336523333,141.221759167,21,28,-261,33,7,49,49,[-5700.0, 117.0, -362.0],4.47820722545
180119,015949.00,43.1336511667,141.221763,14,8,-296,65,-42,54,54,[-5560.0, 122.0, 100.0],178.890519073
180119,015950.00,43.1336495,141.221767333,4,43,-259,56,-41,37,37,[-2817.0, 77.0, -45.0],178.879492845
180119,015951.00,43.1336473333,141.221772333,14,21,-266,76,-19,49,49,[-5107.0, 77.0, 0.0],179.306227684
180119,015952.00,43.1336446667,141.221777333,27,29,-283,43,-30,37,37,[-1697.0, 72.0, 990.0],177.328135407
180119,015953.00,43.1336416667,141.221783,4,29,-261,60,-31,51,51,[-780.0, 102.0, -92.0],179.317126739
180119,015954.00,43.1336385,141.221789,32,51,-278,60,9,44,44,[-5005.0, 87.0, -15.0],178.703831805
180119,015955.00,43.1336356667,141.221794833,29,37,-249,44,0,53,53,[-4195.0, 82.0, -5.0],178.25555984
180119,020009.00,43.1336,141.221877667,-26,16,-294,32,21,44,44,[-4680.0, 20.0, 932.0],179.511348483
180119,020010.00,43.1335968333,141.221884833,20,27,-244,23,47,48,48,[-3572.0, 107.0, -57.0],178.366623917
180119,020011.00,43.1335936667,141.221892,15,24,-254,29,-1,43,43,[-4022.0, 67.0, -82.0],178.59781614
180119,020012.00,43.1335901667,141.221899167,29,31,-254,80,-43,51,51,[917.0, 92.0, -120.0],5.20590872716
180119,020013.00,43.1335868333,141.221906667,30,41,-271,34,49,48,48,[-4830.0, 72.0, 1100.0],175.400635436
180119,020014.00,43.1335838333,141.221914667,8,36,-290,17,7,39,39,[-2090.0, 55.0, 1117.0],177.444073358
180119,020015.00,43.1335806667,141.2219225,42,27,-276,73,-7,56,56,[-4727.0, 112.0, 15.0],178.311771029
180119,020016.00,43.1335776667,141.2219305,-3,49,-287,58,33,39,39,[-5472.0, 87.0, -62.0],178.437775083
180119,020017.00,43.1335746667,141.2219385,8,14,-302,20,-3,48,48,[-5342.0, 82.0, -62.0],178.96071048
180119,020031.00,43.1335305,141.222044667,28,45,-246,87,-28,54,54,[-3115.0, 97.0, -62.0],175.717121535
180119,020032.00,43.1335276667,141.222051167,31,16,-258,59,-4,48,48,[3375.0, 72.0, -5.0],1.37349529921
180119,020033.00,43.1335246667,141.222057667,35,25,-263,52,-5,42,42,[-1947.0, 92.0, 995.0],177.057338032
180119,020034.00,43.1335223333,141.222063833,-8,36,-273,56,-18,48,48,[-2150.0, 87.0, 5.0],177.1778447
180119,020035.00,43.1335198333,141.22207,18,24,-271,72,-9,52,52,[417.0, 60.0, -67.0],11.5545756479
180119,020036.00,43.1335168333,141.222076,21,29,-260,56,-25,53,53,[-90.0, 117.0, -5.0],179.099160407
180119,020037.00,43.1335148333,141.2220815,7,33,-276,61,-43,47,47,[-2985.0, 67.0, -52.0],179.57827212
180119,020038.00,43.1335128333,141.222086833,32,48,-242,65,-50,52,52,[-6307.0, 55.0, -120.0],179.543469586
180119,020039.00,43.1335111667,141.2220915,11,-10,-290,32,0,45,45,[-1525.0, 55.0, 1122.0],177.314479012
180119,020053.00,43.1334996667,141.2221205,-2,29,-291,67,-24,45,45,[-655.0, 55.0, -120.0],174.093858886
180119,020054.00,43.1335,141.222120333,6,40,-292,37,-5,45,45,[1362.0, 135.0, 1132.0],5.36491656441
180119,020055.00,43.1335001667,141.222120333,10,29,-278,34,-12,39,39,[-5977.0, 107.0, 1075.0],178.963129374
180119,020056.00,43.1335005,141.222120167,6,31,-279,41,-2,47,47,[830.0, 135.0, -125.0],179.032190521
180119,020057.00,43.1335003333,141.22212,9,31,-282,42,11,39,39,[-1512.0, 50.0, 10.0],177.638625342
180119,020058.00,43.1335,141.222119833,15,15,-264,22,28,44,44,[-862.0, 60.0, -45.0],175.631271506
180119,020059.00,43.1334995,141.222119667,15,27,-272,38,-5,49,49,[-5787.0, 77.0, 15.0],179.205196241
180119,020100.00,43.1334991667,141.222119333,12,22,-270,38,-12,48,48,[-4440.0, 112.0, -140.0],179.005336682
180119,020101.00,43.1334986667,141.222119167,11,33,-278,42,4,54,54,[-5330.0, 92.0, -57.0],178.175431256
180119,020116.00,43.1335025,141.222117667,6,30,-278,36,3,45,45,[-1932.0, 67.0, -115.0],178.543993758
180119,020117.00,43.1335028333,141.222117667,11,28,-272,45,-11,49,49,[-1345.0, 72.0, 10.0],174.923269734
180119,020118.00,43.1335033333,141.222117667,6,35,-283,57,-1,47,47,[-6715.0, 72.0, -182.0],176.465207857
180119,020119.00,43.1335036667,141.222117833,12,20,-263,47,-6,51,51,[-4190.0, 107.0, 995.0],178.948443466
180119,020120.00,43.1335041667,141.222117833,11,26,-271,41,2,45,45,[-445.0, 87.0, -15.0],164.990235025
180119,020121.00,43.1335046667,141.222117667,15,17,-265,41,-8,45,45,[4652.0, 60.0, 995.0],0.488651516749
180119,020122.00,43.1335046667,141.2221175,13,30,-262,-17,61,40,40,[-4945.0, 102.0, 1105.0],178.582422161
180119,020123.00,43.1335046667,141.222117333,33,40,-248,23,22,42,42,[-4635.0, 97.0, 1000.0],178.373519843
180119,020124.00,43.1335043333,141.222117167,13,22,-278,48,0,45,45,[-3860.0, 97.0, 975.0],178.634659607
180119,020139.00,43.1334881667,141.222139333,19,30,-251,31,13,29,29,[-4575.0, 60.0, 990.0],178.59898823
180119,020140.00,43.1334856667,141.222145,25,35,-296,36,31,36,36,[-5070.0, 87.0, 1075.0],179.379084826
180119,020141.00,43.133483,141.222151167,9,16,-267,86,-53,41,41,[-5450.0, 97.0, -52.0],179.425625462
180119,020142.00,43.1334811667,141.222157,16,48,-262,29,-23,47,47,[-2725.0, 87.0, 937.0],177.550449202
180119,020143.00,43.1334788333,141.222162667,20,31,-253,72,-43,50,50,[-4652.0, 102.0, -82.0],179.0527436
180119,020144.00,43.1334765,141.2221685,27,24,-255,55,19,37,37,[-2752.0, 72.0, -82.0],177.967776594
180119,020145.00,43.1334746667,141.222174,17,-4,-283,47,-26,-22,-22,[-4732.0, 82.0, -82.0],178.767243105
180119,020146.00,43.1334723333,141.222179833,18,41,-259,92,-76,-48,-48,[-4680.0, 102.0, 980.0],178.602818973
180119,020147.00,43.1334706667,141.222184,17,21,-275,60,-17,-66,-66,[-2555.0, 122.0, -177.0],178.066418188
180119,020201.00,43.1334458333,141.222285167,38,7,-266,47,-25,-7,-7,[-5130.0, 97.0, -77.0],179.39542123
180119,020202.00,43.1334478333,141.222293667,8,19,-265,72,-16,113,113,[-3152.0, 82.0, -87.0],178.505032564
180119,020203.00,43.1334506667,141.222301167,27,15,-275,38,-1,20,20,[-7382.0, 45.0, -67.0],179.28915155
180119,020204.00,43.1334531667,141.222307667,21,17,-270,54,-32,-34,-34,[-3730.0, 77.0, 1132.0],179.125856974
180119,020205.00,43.1334538333,141.22231,11,12,-276,36,25,-52,-52,[-6775.0, 92.0, 135.0],179.092772526
180119,020206.00,43.133454,141.22231,5,13,-265,65,-30,-68,-68,[-8762.0, 50.0, -130.0],179.631424965
180119,020207.00,43.133453,141.222306667,13,11,-264,37,-26,-80,-80,[-9035.0, 97.0, 1042.0],179.778415217
180119,020208.00,43.133451,141.222301,10,17,-271,41,16,34,34,[-3452.0, 67.0, 77.0],179.072419029
180119,020209.00,43.1334488333,141.2222945,10,17,-283,7,7,39,39,[-9967.0, 87.0, 1142.0],179.939973014
180119,020224.00,43.1334185,141.2222595,9,33,-266,77,-21,-63,-63,[-7520.0, 122.0, 1027.0],179.374591677
180119,020225.00,43.1334238333,141.2222575,11,30,-268,48,-11,54,54,[-8837.0, 102.0, 147.0],178.898984151
180119,020226.00,43.1334295,141.222253667,14,26,-277,51,-9,105,105,[-4620.0, 67.0, 0.0],178.97808229
180119,020227.00,43.1334338333,141.222250333,-15,31,-287,44,-6,130,130,[-8360.0, 92.0, 25.0],179.230606525
180119,020228.00,43.1334365,141.222246833,2,17,-273,56,-3,-26,-26,[-7237.0, 87.0, 1052.0],179.279180068
180119,020229.00,43.1334365,141.222246667,-5,69,-276,108,18,-111,-111,[-7317.0, 97.0, -35.0],179.047111026
180119,020230.00,43.1334361667,141.222247333,3,24,-264,44,-6,77,77,[-6172.0, 72.0, -110.0],179.578159575
180119,020231.00,43.133436,141.222247333,4,19,-265,46,-17,53,53,[-9365.0, 45.0, 1322.0],179.525115824
180119,020232.00,43.133436,141.222247667,5,20,-272,47,-3,41,41,[-5342.0, 122.0, 77.0],178.914861516
180119,020247.00,43.1334281667,141.222257,5,20,-273,45,3,43,43,[-9657.0, 122.0, 880.0],179.340509362
180119,020248.00,43.133428,141.222256833,3,19,-272,47,-11,43,43,[-9587.0, 77.0, 1070.0],179.301001205
180119,020249.00,43.133428,141.222256667,3,21,-274,41,-3,47,47,[-9152.0, 97.0, 1090.0],179.487383681
180119,020250.00,43.133428,141.2222565,5,20,-272,48,-3,46,46,[-7595.0, 97.0, 1127.0],179.51073885
180119,020251.00,43.133428,141.222256167,5,21,-276,48,4,43,43,[-3855.0, 82.0, -62.0],178.922181995
180119,020252.00,43.1334281667,141.222255833,4,20,-274,49,-7,48,48,[-10125.0, 50.0, 30.0],179.534698362
180119,020253.00,43.133428,141.222255667,4,19,-272,53,-8,42,42,[-7072.0, 77.0, -40.0],179.65562681
180119,020254.00,43.1334275,141.222255667,4,19,-273,46,-2,48,48,[-7585.0, 102.0, 1012.0],179.548683777
180119,020255.00,43.1334273333,141.222255667,4,19,-272,42,-3,48,48,[-11217.0, 55.0, 235.0],179.285832502
180119,020309.00,43.1334285,141.2222595,3,20,-273,46,0,52,52,[-4955.0, 60.0, 1142.0],178.880092135
180119,020310.00,43.1334286667,141.222259833,4,21,-274,50,-4,42,42,[-6107.0, 82.0, 187.0],178.742302735
180119,020311.00,43.1334288333,141.22226,4,19,-274,46,-1,50,50,[-9555.0, 107.0, 72.0],179.50634258
180119,020312.00,43.133429,141.222260167,4,20,-272,47,-7,51,51,[-6845.0, 0.0, 172.0],179.494239005
180119,020313.00,43.1334293333,141.222260167,4,20,-272,44,-8,43,43,[-7850.0, 87.0, 105.0],179.028848486
180119,020314.00,43.1334295,141.222260333,4,21,-274,50,0,44,44,[-7752.0, 87.0, -45.0],178.992557889
180119,020315.00,43.1334296667,141.2222605,4,20,-274,43,-3,47,47,[-6107.0, 20.0, 1075.0],179.276564888
180119,020316.00,43.1334298333,141.2222605,5,19,-274,45,-7,47,47,[-6177.0, 87.0, 77.0],179.00599427
180119,020317.00,43.1334298333,141.222260667,5,20,-273,49,0,48,48,[-6270.0, 135.0, 130.0],179.015570077
180119,020331.00,43.1334261667,141.222262333,5,20,-273,38,-6,41,41,[-5982.0, 55.0, 220.0],179.172715949
180119,020332.00,43.1334256667,141.222262667,5,19,-272,46,-6,51,51,[-9392.0, 50.0, 362.0],179.453107476
180119,020333.00,43.1334256667,141.222262833,5,20,-273,42,1,46,46,[-6340.0, 87.0, 40.0],179.456069067
180119,020334.00,43.1334253333,141.222263,4,21,-273,47,1,49,49,[-5955.0, 102.0, -20.0],179.523340618
180119,020335.00,43.1334251667,141.222263167,4,20,-273,40,-2,46,46,[-4977.0, 77.0, 1237.0],179.303570205
180119,020336.00,43.133425,141.2222635,4,20,-273,41,-4,42,42,[-7465.0, 140.0, 82.0],179.294384843
180119,020337.00,43.1334246667,141.222263833,4,20,-272,43,-6,53,53,[-6052.0, 112.0, 1207.0],179.592368921
180119,020338.00,43.1334238333,141.2222645,4,20,-273,48,-13,56,56,[-8030.0, 107.0, 252.0],179.412885594
180119,020339.00,43.133423,141.222265167,3,20,-272,49,5,48,48,[-7377.0, 107.0, 187.0],179.207835553
180119,020353.00,43.1334131667,141.222271333,4,19,-272,48,-9,51,51,[-732.0, 102.0, 1360.0],179.390627077
180119,020354.00,43.1334126667,141.222271667,5,20,-273,42,-7,48,48,[-10885.0, 77.0, 242.0],179.683743159
180119,020355.00,43.1334123333,141.222271833,4,21,-272,56,-3,51,51,[-4360.0, 92.0, -10.0],178.586717778
180119,020356.00,43.1334116667,141.222272333,4,19,-273,42,-4,45,45,[-6640.0, 112.0, 1147.0],179.488028594
180119,020357.00,43.133411,141.222272833,4,20,-272,45,-2,48,48,[-4917.0, 60.0, 5.0],179.148959616
180119,020358.00,43.1334103333,141.222273333,5,20,-273,49,-9,45,45,[-8810.0, 92.0, 1022.0],179.325233199
180119,020359.00,43.1334098333,141.222273833,4,20,-273,50,-10,47,47,[-8957.0, 45.0, 985.0],179.478391904
180119,020400.00,43.1334093333,141.222274167,5,18,-274,47,4,55,55,[-5217.0, 155.0, 35.0],178.401206618
180119,020401.00,43.1334088333,141.222274667,4,21,-273,43,-7,47,47,[-9072.0, 92.0, 1022.0],179.485641074
180119,020416.00,43.1334068333,141.222280833,5,19,-272,48,-10,45,45,[-8882.0, 92.0, 1105.0],179.473009374
180119,020417.00,43.1334068333,141.222281,5,20,-273,46,-2,45,45,[-2757.0, 107.0, -67.0],178.20751566
180119,020418.00,43.1334066667,141.222281333,4,21,-273,48,-3,45,45,[-7492.0, 72.0, 187.0],179.301892697
180119,020419.00,43.1334063333,141.222281667,4,20,-273,47,-1,47,47,[-8247.0, 67.0, 57.0],179.258460614
180119,020420.00,43.1334061667,141.222282167,4,20,-273,46,-2,42,42,[-8567.0, 97.0, 105.0],179.603800387
180119,020421.00,43.133406,141.222282167,5,19,-273,45,-7,48,48,[-9642.0, 82.0, 167.0],179.573620675
180119,020422.00,43.1334058333,141.222282333,3,19,-274,46,2,51,51,[-6682.0, 77.0, -15.0],179.129102918
180119,020423.00,43.1334058333,141.222282333,4,19,-272,52,-10,44,44,[-8077.0, 122.0, 1037.0],179.121713689
180119,020424.00,43.1334056667,141.222282333,6,19,-273,42,-7,42,42,[-1617.0, 102.0, 1032.0],176.92026517
180119,020438.00,43.1334065,141.222280333,5,21,-272,42,-2,48,48,[-5125.0, 107.0, 182.0],179.272781433
180119,020440.00,43.1334071667,141.222279833,4,19,-272,52,-1,47,47,[-9897.0, 72.0, -45.0],179.423549829
180119,020441.00,43.1334075,141.222279333,3,20,-273,39,-1,43,43,[-1697.0, 77.0, -72.0],176.512850539
180119,020442.00,43.133408,141.222279167,4,20,-274,50,1,46,46,[-6580.0, 102.0, 1142.0],179.368280404
180119,020443.00,43.1334081667,141.222278833,3,20,-273,45,-4,45,45,[-5152.0, 72.0, 1480.0],178.577625418
180119,020444.00,43.1334086667,141.222278333,5,19,-273,51,-2,44,44,[-2870.0, 60.0, -947.0],178.807338574
180119,020445.00,43.133409,141.222277833,4,21,-272,48,1,46,46,[-5987.0, 97.0, 372.0],179.343483971
180119,020446.00,43.133409,141.2222775,5,19,-272,41,1,49,49,[-10222.0, 92.0, 135.0],179.341521507
180119,020500.00,43.1334098333,141.222277333,4,19,-273,48,-11,44,44,[-9315.0, 92.0, 57.0],179.527506157
180119,020501.00,43.1334098333,141.2222775,5,19,-273,46,2,48,48,[-8745.0, 67.0, 1112.0],179.29932592
180119,020502.00,43.1334098333,141.222277333,3,20,-274,40,-1,48,48,[-7237.0, 112.0, -10.0],179.602395144
180119,020503.00,43.1334098333,141.222277333,3,19,-274,44,-3,48,48,[-2707.0, 117.0, -5.0],177.713658944
180119,020504.00,43.1334095,141.222277333,16,22,-262,36,-7,46,46,[-9902.0, 77.0, -57.0],179.28627987
180119,020505.00,43.1334091667,141.222277167,2,21,-270,41,-6,49,49,[-2480.0, 112.0, 30.0],178.43798692
180119,020506.00,43.1334093333,141.222276833,7,20,-263,43,-6,41,41,[-8810.0, 40.0, -167.0],179.004968515
180119,020507.00,43.1334093333,141.222276333,19,22,-288,48,2,26,26,[-4435.0, 55.0, -77.0],179.139729101
180119,020508.00,43.1334093333,141.222275833,3,24,-274,53,1,33,33,[-8495.0, 82.0, -105.0],179.864868695
180119,020523.00,43.1334135,141.222267167,2,26,-280,55,6,71,71,[-9630.0, 55.0, 1152.0],179.483568398
180119,020524.00,43.1334158333,141.222261167,12,21,-281,53,0,114,114,[-5612.0, 40.0, -15.0],179.834246038
180119,020525.00,43.1334178333,141.222254833,7,18,-282,46,20,-14,-14,[-8822.0, 82.0, 1180.0],179.705909954
180119,020526.00,43.1334196667,141.222246,17,21,-274,83,-35,86,86,[-4977.0, 97.0, -10.0],179.556190036
180119,020527.00,43.1334218333,141.222236167,11,11,-254,40,-3,98,98,[-5912.0, 45.0, -62.0],179.197206688
180119,020528.00,43.133424,141.2222295,11,26,-272,46,10,32,32,[-5435.0, 82.0, -67.0],179.138000103
180119,020529.00,43.1334265,141.222223667,28,19,-255,43,-22,-57,-57,[-4852.0, 97.0, 1000.0],179.440367249
180119,020530.00,43.1334286667,141.22222,13,16,-266,42,-16,27,27,[-7752.0, 40.0, -92.0],179.592971472
180119,020531.00,43.1334293333,141.2222195,14,15,-264,40,-4,48,48,[-8550.0, 15.0, 87.0],179.45980054
180119,020546.00,43.1334085,141.222268333,8,16,-283,52,-5,45,45,[-9115.0, 135.0, -5.0],179.544755626
180119,020547.00,43.133409,141.222268167,24,18,-259,66,-16,53,53,[-6840.0, 102.0, 922.0],179.308808885
180119,020548.00,43.1334093333,141.222268167,10,16,-285,73,-9,101,101,[-8735.0, 135.0, 0.0],179.397253601
180119,020549.00,43.1334096667,141.222268,-29,-1,-283,67,-22,43,43,[-8877.0, 82.0, -5.0],179.130911858
180119,020550.00,43.13341,141.222267833,3,34,-291,91,-66,-27,-27,[-11275.0, 55.0, -57.0],179.264308232
180119,020551.00,43.1334101667,141.222268,23,21,-265,-6,24,57,57,[-4630.0, 97.0, 67.0],179.441848468
180119,020552.00,43.1334098333,141.222268167,-6,23,-289,41,70,49,49,[-8285.0, 67.0, 5.0],179.031323085
180119,020553.00,43.1334096667,141.222268167,53,28,-244,10,37,53,53,[-4592.0, 25.0, -120.0],179.10268461
180119,020554.00,43.1334098333,141.222268167,37,11,-271,61,-26,61,61,[-1340.0, 67.0, 0.0],174.638431019
180119,020609.00,43.1334383333,141.2221955,12,7,-212,61,-12,57,57,[-10477.0, 97.0, -77.0],179.341197958
180119,020610.00,43.1334416667,141.2221885,-1,3,-300,82,-22,28,28,[-9430.0, 82.0, -225.0],179.379624084
180119,020611.00,43.1334451667,141.2221815,14,36,-260,45,-47,66,66,[-8865.0, 92.0, -100.0],179.373974818
180119,020612.00,43.1334485,141.222174167,-8,40,-254,51,-9,46,46,[-9082.0, 87.0, -87.0],179.350675632
180119,020613.00,43.1334515,141.222167,1,39,-284,63,6,58,58,[-7502.0, 92.0, -282.0],179.449022444
180119,020614.00,43.1334546667,141.22216,30,13,-244,25,33,48,48,[-6122.0, 107.0, 1005.0],179.001439201
180119,020615.00,43.1334578333,141.222153167,34,56,-264,69,-43,54,54,[-7980.0, 102.0, -110.0],179.336316299
180119,020616.00,43.1334613333,141.222146167,-18,41,-276,60,-23,67,67,[7975.0, 127.0, 0.0],179.090768312
180119,020617.00,43.133465,141.222139,5,-2,-292,35,-10,54,54,[-2985.0, 77.0, 1057.0],177.625396856
180119,020631.00,43.1335048333,141.222049333,24,34,-259,30,19,36,36,[-5847.0, 117.0, -15.0],179.181057139
180119,020632.00,43.1335076667,141.222041667,1,-1,-282,45,-46,52,52,[-9485.0, 77.0, -5.0],179.47169141
180119,020633.00,43.1335108333,141.222034167,13,-6,-282,35,9,61,61,[-8810.0, 55.0, 110.0],179.774477966
180119,020634.00,43.133514,141.222026667,16,21,-304,8,24,48,48,[-1850.0, 77.0, 1032.0],177.186835174
180119,020635.00,43.133517,141.222019833,6,8,-266,58,-22,60,60,[-6070.0, 45.0, -20.0],179.905763606
180119,020636.00,43.1335198333,141.2220135,3,18,-294,38,24,53,53,[-4505.0, 40.0, 1052.0],179.354441071
180119,020637.00,43.133522,141.222006833,21,32,-251,96,-56,52,52,[-5597.0, 55.0, 970.0],179.587213341
180119,020638.00,43.133525,141.221999833,7,12,-284,87,-46,43,43,[-4792.0, 50.0, -100.0],179.032775867
180119,020639.00,43.1335276667,141.221993333,4,21,-262,64,-50,45,45,[-8877.0, 67.0, 5.0],179.546355825
180119,020653.00,43.1335473333,141.221951667,28,33,-263,69,-49,65,65,[-4602.0, 50.0, 2097.0],177.936820655
180119,020654.00,43.133549,141.221947167,8,27,-269,79,-20,43,43,[-3767.0, 35.0, 10.0],178.895639828
180119,020655.00,43.133551,141.221942833,2,39,-263,20,-15,50,50,[-6627.0, 72.0, 15.0],178.947394778
180119,020656.00,43.1335535,141.221938167,1,26,-295,64,30,53,53,[-9327.0, 87.0, -67.0],179.480008309
180119,020657.00,43.1335556667,141.221933,23,50,-287,52,20,51,51,[-5020.0, 10.0, -1137.0],179.364048746
180119,020658.00,43.1335576667,141.221927333,35,12,-253,38,36,57,57,[-8805.0, 50.0, -82.0],150.511092188
180119,020659.00,43.1335603333,141.221921,35,30,-259,21,54,50,50,[-8077.0, 107.0, 320.0],179.449714435
180119,020700.00,43.1335633333,141.221914667,6,42,-309,54,-16,62,62,[-5575.0, 67.0, -72.0],179.309598664
180119,020701.00,43.1335666667,141.2219075,26,44,-252,57,-10,48,48,[-9560.0, 77.0, 20.0],179.658773079
180119,020715.00,43.13361,141.221805167,-3,28,-294,70,-72,46,46,[-4792.0, 97.0, -110.0],179.190176879
180119,020716.00,43.1336133333,141.221797167,23,69,-253,66,14,48,48,[-2197.0, 87.0, 975.0],177.967776594
180119,020717.00,43.1336168333,141.221789167,3,38,-275,66,-40,54,54,[-8692.0, 82.0, 1012.0],179.121787068
180119,020718.00,43.1336198333,141.221781333,23,-18,-261,4,24,46,46,[-8975.0, 82.0, 880.0],179.446158049
180119,020719.00,43.1336228333,141.221773833,10,-1,-255,49,-20,42,42,[-3800.0, 117.0, -25.0],178.685567209
180119,020720.00,43.1336261667,141.221766333,-6,36,-275,26,40,53,53,[-8772.0, 67.0, -15.0],179.238703953
180119,020721.00,43.1336295,141.221759,25,10,-236,68,-49,49,49,[-7520.0, 127.0, -82.0],178.934862542
180119,020722.00,43.1336323333,141.2217515,-4,21,-310,60,-20,48,48,[-5237.0, 102.0, 205.0],179.294132886
180119,020723.00,43.1336356667,141.221744,45,38,-274,39,-1,47,47,[-9310.0, 135.0, -105.0],179.33847243
180119,020738.00,43.1336801667,141.221643667,18,28,-256,46,-11,58,58,[-785.0, 117.0, 1012.0],177.064326554
180119,020739.00,43.1336821667,141.2216385,3,53,-276,62,-12,60,60,[-4070.0, 117.0, 15.0],179.518196813
180119,020740.00,43.1336845,141.221633667,8,20,-282,31,0,46,46,[-1215.0, 155.0, 1012.0],177.386653725
180119,020741.00,43.1336868333,141.221628667,23,23,-270,44,22,45,45,[-5000.0, 87.0, 10.0],178.944821667
180119,020742.00,43.1336891667,141.221623833,22,28,-254,53,14,50,50,[-2165.0, 77.0, 10.0],177.501405611
180119,020743.00,43.1336901667,141.221622333,10,49,-279,59,-18,40,40,[-8832.0, 102.0, -62.0],179.206174012
180119,020744.00,43.1336903333,141.221622333,-16,20,-292,60,-4,36,36,[-8280.0, 112.0, 1037.0],179.548466427
180119,020745.00,43.1336905,141.2216225,39,31,-280,72,-68,54,54,[-7257.0, 107.0, 1132.0],179.526622342
180119,020746.00,43.1336905,141.221622667,-13,41,-268,65,-30,50,50,[-6352.0, 5.0, 5.0],179.592368921
