180119,005750.00,43.134111,141.224467833,3,15,-271,85,-25,82,82,[-4685.0, 145.0, 0.0],178.425996965
180119,005751.00,43.1341515,141.224549,3,17,-271,93,-31,79,79,[-4712.0, 97.0, 5.0],179.067754502
180119,005752.00,43.1341878333,141.224627833,8,17,-274,76,-31,76,76,[-4380.0, 82.0, -15.0],178.498758463
180119,005753.00,43.1342156667,141.224686833,4,17,-272,80,-45,81,81,[-4847.0, 102.0, 0.0],178.601361725
180119,005754.00,43.134246,141.224754,5,18,-271,90,-37,75,75,[-4152.0, 117.0, -57.0],178.798166936
180119,005755.00,43.1342786667,141.224822,6,18,-271,80,-42,78,78,[-4445.0, 92.0, 40.0],179.076575121
180119,005756.00,43.1343011667,141.224868,3,17,-273,82,-38,81,81,[-5630.0, 82.0, -62.0],179.065470875
180119,005757.00,43.1343181667,141.2249025,5,18,-273,81,-37,81,81,[-3880.0, 72.0, 15.0],178.486318704
180119,005758.00,43.1343428333,141.224956667,5,17,-273,85,-40,73,73,[-5710.0, 102.0, -25.0],179.444434219
180119,005759.00,43.1343595,141.224992333,6,19,-273,77,-38,76,76,[-3935.0, 117.0, -10.0],178.513267738
180119,005800.00,43.1343816667,141.225040167,5,19,-269,79,-24,78,78,[-4250.0, 127.0, -10.0],178.111071192
180119,005801.00,43.1340168333,141.224226,6,17,-275,71,-28,78,78,[-3985.0, 92.0, -5.0],179.124209164
180119,005818.00,43.1336588333,141.223454,6,18,-272,73,-29,81,81,[-4065.0, 45.0, 0.0],179.369939846
180119,005819.00,43.133625,141.223380667,6,20,-272,82,-26,77,77,[-4260.0, 107.0, 0.0],179.329433948
180119,005820.00,43.1336028333,141.223334333,7,17,-273,78,-31,76,76,[-3652.0, 92.0, 15.0],178.450979517
180119,005821.00,43.1335865,141.223301,4,14,-271,77,-33,75,75,[-5770.0, 145.0, -10.0],178.941652084
180119,005822.00,43.133572,141.2232725,4,17,-272,84,-27,76,76,[-4115.0, 40.0, 35.0],179.16097119
180119,005823.00,43.133561,141.223251167,5,19,-276,82,-36,76,76,[-5277.0, 77.0, 15.0],178.944527649
180119,005824.00,43.133553,141.223237167,5,19,-270,80,-24,77,77,[-4750.0, 50.0, 10.0],178.706833887
180119,005825.00,43.1335476667,141.223229,6,18,-268,70,-26,81,81,[-4000.0, 82.0, -5.0],178.451060191
180119,005826.00,43.1335421667,141.223219833,5,15,-268,77,-30,78,78,[-4222.0, 72.0, -10.0],179.453692079
180119,005827.00,43.1335376667,141.223212833,7,16,-272,78,-29,75,75,[-4082.0, 77.0, -45.0],178.645379073
180119,005828.00,43.1335331667,141.223206333,7,18,-272,81,-39,83,83,[-4292.0, 117.0, 25.0],178.002120144
180119,005829.00,43.1335295,141.223201167,6,18,-272,82,-24,81,81,[-3822.0, 87.0, 0.0],178.171713122
180119,005844.00,43.1335296667,141.223221833,4,16,-270,89,-37,75,75,[-4157.0, 112.0, 45.0],178.505787785
180119,005845.00,43.13353,141.223224167,5,16,-272,79,-28,77,77,[-3197.0, 40.0, 15.0],178.267540773
180119,005846.00,43.13353,141.223225667,4,15,-274,84,-37,71,71,[-3572.0, 77.0, -105.0],177.844638623
180119,005847.00,43.1335306667,141.223228333,6,17,-275,80,-35,70,70,[-4082.0, 87.0, 0.0],178.626297735
180119,005848.00,43.1335305,141.223228833,8,20,-274,79,-23,73,73,[-3327.0, 92.0, -35.0],179.392340274
180119,005849.00,43.1335193333,141.223192667,3,16,-273,79,-30,73,73,[-2720.0, 107.0, -25.0],177.804019698
180119,005850.00,43.1335091667,141.223162167,7,19,-276,70,-23,74,74,[-4760.0, 107.0, -5.0],179.065780592
180119,005851.00,43.1335028333,141.223141833,4,18,-272,82,-32,81,81,[-4527.0, 117.0, 20.0],179.030471663
180119,005852.00,43.133498,141.223125667,6,20,-274,67,-14,80,80,[-4712.0, 77.0, 10.0],178.937279067
180119,005853.00,43.1334931667,141.223112,4,18,-270,90,-41,68,68,[-5245.0, 112.0, -25.0],178.768967799
180119,005854.00,43.1334886667,141.223099167,6,16,-269,81,-30,71,71,[-3670.0, 122.0, -92.0],178.546184715
180119,005909.00,43.1334516667,141.2230175,4,19,-275,68,-26,77,77,[-4352.0, 97.0, 10.0],178.981691946
180119,005910.00,43.1334516667,141.223015667,5,16,-270,78,-30,71,71,[-3842.0, 117.0, -25.0],178.457154238
180119,005911.00,43.1334515,141.223014,8,18,-274,73,-34,78,78,[-4147.0, 107.0, -30.0],178.423708054
180119,005912.00,43.1334506667,141.223011667,5,18,-276,80,-29,75,75,[-4657.0, 117.0, -5.0],178.79981043
180119,005913.00,43.1334501667,141.223010167,9,18,-275,71,-16,72,72,[-3952.0, 72.0, -25.0],178.932776449
180119,005914.00,43.1334498333,141.223008833,5,19,-273,76,-27,75,75,[-3452.0, 77.0, 0.0],178.459081644
180119,005915.00,43.1334491667,141.223007833,6,17,-274,79,-29,70,70,[-4065.0, 107.0, -20.0],178.984023708
180119,005916.00,43.133448,141.223006833,6,17,-273,73,-24,79,79,[-2572.0, 72.0, -15.0],177.737748938
180119,005917.00,43.1334463333,141.223005167,4,16,-270,66,-28,76,76,[-5070.0, 77.0, 0.0],178.693052224
180119,005918.00,43.1334453333,141.223003833,6,18,-269,75,-19,79,79,[-4022.0, 112.0, -10.0],177.942948188
180119,005933.00,43.133427,141.222973833,4,16,-273,75,-33,76,76,[-3407.0, 92.0, 10.0],178.635325803
180119,005934.00,43.1334268333,141.222974667,5,19,-274,79,-22,73,73,[-4765.0, 67.0, 0.0],178.88146391
180119,005935.00,43.1334263333,141.222975333,4,16,-271,63,-19,73,73,[-3652.0, 97.0, 0.0],178.790479941
180119,005936.00,43.133426,141.222976,5,16,-271,76,-24,73,73,[-4792.0, 112.0, 10.0],178.905479403
180119,005937.00,43.1334245,141.2229765,4,19,-274,76,-38,73,73,[-4620.0, 5.0, -20.0],179.317200716
180119,005938.00,43.1334235,141.222977167,3,18,-273,81,-30,76,76,[-4175.0, 87.0, -15.0],179.110258457
180119,005939.00,43.1334223333,141.222978167,6,14,-269,78,-28,83,83,[-5357.0, 97.0, 10.0],178.96361722
180119,005940.00,43.1334218333,141.222979167,3,17,-272,74,-25,74,74,[-4555.0, 67.0, -35.0],178.91223616
180119,005941.00,43.1334211667,141.222980833,6,19,-275,77,-33,77,77,[-5320.0, 117.0, 0.0],178.632734866
180119,005955.00,43.1334235,141.222993833,6,19,-274,76,-29,73,73,[-3035.0, 82.0, -62.0],177.881328274
180119,005956.00,43.1334233333,141.222995667,6,18,-275,64,-16,80,80,[-4620.0, 82.0, 25.0],179.623472368
180119,005957.00,43.1334225,141.222997167,5,14,-270,78,-25,77,77,[-5227.0, 92.0, -87.0],178.557300163
180119,005958.00,43.1334216667,141.222998667,6,18,-274,80,-25,64,64,[-4717.0, 97.0, -15.0],178.634912118
180119,005959.00,43.1334208333,141.2230005,9,19,-273,73,-18,66,66,[-2642.0, 107.0, -105.0],176.911113611
180119,010000.00,43.1334191667,141.223002167,9,17,-274,74,-21,74,74,[-4787.0, 77.0, -20.0],178.968599843
180119,010001.00,43.1334171667,141.223001167,5,16,-274,76,-30,72,72,[-4342.0, 55.0, 20.0],178.925010842
180119,010002.00,43.1334151667,141.223002667,5,17,-270,76,-36,78,78,[-5500.0, 82.0, -10.0],178.898948591
180119,010003.00,43.1334135,141.223004167,7,16,-272,77,-22,70,70,[-4902.0, 140.0, 25.0],178.693807906
180119,010018.00,43.133385,141.2230055,6,19,-275,66,-17,67,67,[-5965.0, 97.0, -52.0],178.700234732
180119,010019.00,43.1333838333,141.223006,6,19,-271,73,-28,68,68,[-4287.0, 92.0, 35.0],178.657375973
180119,010020.00,43.1333823333,141.223006333,6,17,-274,71,-16,76,76,[-5927.0, 97.0, 5.0],179.04429323
180119,010021.00,43.1333811667,141.223007833,6,17,-274,77,-27,70,70,[-3620.0, 92.0, -10.0],178.781461369
180119,010022.00,43.1333803333,141.2230095,1,14,-272,69,-32,79,79,[-3475.0, 77.0, -35.0],178.992327434
180119,010023.00,43.1333795,141.223010167,7,18,-273,72,-24,73,73,[-4055.0, 55.0, 0.0],178.903223237
180119,010024.00,43.1333788333,141.2230105,5,19,-271,69,-21,70,70,[-3480.0, 87.0, -20.0],177.906956286
180119,010025.00,43.133378,141.223009667,6,19,-276,69,-20,76,76,[-4050.0, 87.0, 0.0],178.642016515
180119,010026.00,43.1333775,141.223009,2,14,-269,71,-20,71,71,[-3642.0, 82.0, 0.0],178.450979517
180119,010040.00,43.1333836667,141.223019833,5,17,-271,75,-23,66,66,[-5162.0, 67.0, 0.0],179.391399781
180119,010041.00,43.133385,141.223022167,4,13,-272,73,-28,74,74,[-3897.0, 97.0, 20.0],178.787728306
180119,010042.00,43.1333861667,141.223024667,8,20,-276,66,-25,73,73,[-3935.0, 67.0, 30.0],178.757441307
180119,010043.00,43.1333871667,141.223026833,4,17,-274,80,-24,63,63,[-4235.0, 145.0, -15.0],178.270892602
180119,010044.00,43.1333881667,141.2230285,6,16,-272,82,-21,67,67,[-5032.0, 97.0, -45.0],179.002156388
180119,010045.00,43.133389,141.223030333,3,15,-272,70,-16,68,68,[-4370.0, 82.0, -15.0],178.631371056
180119,010046.00,43.1333896667,141.223032333,8,18,-271,77,-19,68,68,[-3040.0, 92.0, 0.0],179.427442982
180119,010047.00,43.133389,141.223032667,4,15,-271,64,-12,74,74,[-3082.0, 15.0, 0.0],179.114682753
180119,010048.00,43.1333881667,141.223033,7,16,-273,65,-11,66,66,[-3610.0, 102.0, -77.0],179.121544202
180119,010103.00,43.1333695,141.223047833,6,18,-276,62,-18,71,71,[-3865.0, 60.0, 0.0],178.995702755
180119,010104.00,43.1333681667,141.223049,4,15,-272,73,-25,68,68,[-3500.0, 107.0, -35.0],178.390432057
180119,010105.00,43.1333671667,141.223050667,5,16,-271,73,-8,66,66,[-4912.0, 82.0, -30.0],178.432052932
180119,010106.00,43.1333663333,141.223051833,5,15,-273,77,-22,67,67,[-4005.0, 87.0, -35.0],178.605622745
180119,010107.00,43.1333658333,141.223053667,8,17,-273,68,-22,67,67,[-3875.0, 72.0, 45.0],178.990161775
180119,010108.00,43.1333653333,141.2230555,4,15,-272,74,-24,74,74,[-3550.0, 20.0, -1260.0],178.507921837
180119,010109.00,43.1333643333,141.223057833,5,15,-276,74,-31,71,71,[-4250.0, 92.0, 5.0],178.617687348
180119,010110.00,43.1333633333,141.2230605,8,19,-276,74,-21,68,68,[-4392.0, 92.0, 0.0],178.458845914
180119,010111.00,43.1333621667,141.223063167,4,13,-269,76,-28,68,68,[-4755.0, 60.0, -10.0],179.274775701
180119,010125.00,43.1333625,141.2231055,7,19,-276,75,-20,69,69,[-3930.0, 67.0, 10.0],178.960978447
180119,010126.00,43.1333633333,141.223108667,3,13,-272,77,-29,71,71,[-5037.0, 145.0, -10.0],178.889711302
180119,010127.00,43.1333643333,141.2231115,7,17,-276,75,-28,67,67,[-5027.0, 107.0, 0.0],179.01145613
180119,010128.00,43.1333658333,141.223114333,7,16,-270,73,-26,68,68,[-6530.0, 97.0, -20.0],179.185822069
180119,010129.00,43.1333676667,141.2231175,4,15,-272,75,-24,75,75,[-4392.0, 45.0, -72.0],178.410668148
180119,010130.00,43.1333698333,141.223119833,5,18,-275,74,-21,68,68,[-3912.0, 102.0, -87.0],179.136415784
180119,010131.00,43.13337,141.223121,4,13,-271,61,-17,76,76,[-4880.0, 77.0, 0.0],179.148959616
180119,010132.00,43.1333711667,141.223122167,5,18,-274,77,-24,63,63,[-3142.0, 67.0, 0.0],179.730754898
180119,010133.00,43.1333726667,141.223123,4,15,-274,68,-21,69,69,[-3625.0, 92.0, 5.0],177.821416881
180119,010148.00,43.1334048333,141.223129833,5,18,-276,68,-20,66,66,[-5847.0, 97.0, 5.0],178.869448038
180119,010149.00,43.1334061667,141.223129833,3,15,-272,71,-32,67,67,[-4922.0, 45.0, -20.0],179.054192237
180119,010150.00,43.1334071667,141.223129667,4,16,-269,72,-21,68,68,[-4640.0, 67.0, 15.0],178.657277972
180119,010151.00,43.1334081667,141.223129167,5,17,-278,62,-12,68,68,[-4635.0, 72.0, 0.0],178.924671514
180119,010152.00,43.1334098333,141.223129333,4,15,-272,70,-28,67,67,[-4550.0, 92.0, -25.0],178.91223616
180119,010153.00,43.133412,141.223129167,4,13,-269,62,-10,61,61,[-4170.0, 60.0, 0.0],178.291551176
180119,010154.00,43.1334141667,141.223129,7,17,-273,75,-26,65,65,[-4240.0, 97.0, 10.0],178.018001449
180119,010155.00,43.1334171667,141.223129,3,14,-272,67,-14,64,64,[-4130.0, 67.0, 0.0],178.942239707
180119,010156.00,43.1334203333,141.223129333,4,16,-275,68,-24,75,75,[-4077.0, 127.0, -20.0],178.98527311
180119,010210.00,43.1334501667,141.223136833,5,19,-277,51,-13,73,73,[-4342.0, 55.0, -25.0],178.561183179
180119,010211.00,43.1334521667,141.2231365,7,19,-274,72,-27,71,71,[-2780.0, 117.0, 45.0],178.448818344
180119,010212.00,43.1334543333,141.223136167,4,17,-272,65,-23,66,66,[-4977.0, 97.0, -72.0],178.869845472
180119,010213.00,43.1334568333,141.223136333,8,18,-277,73,-27,64,64,[-4195.0, 72.0, -67.0],178.530143058
180119,010214.00,43.133459,141.223136333,5,17,-273,66,-8,65,65,[-3350.0, 72.0, 0.0],179.022351215
180119,010215.00,43.133461,141.223136333,7,18,-272,73,-24,66,66,[-3257.0, 107.0, 0.0],178.489824717
180119,010216.00,43.133463,141.223136333,7,18,-278,68,-22,73,73,[-5385.0, 107.0, -15.0],178.598104629
180119,010217.00,43.1334645,141.223136333,4,14,-272,70,-21,61,61,[-4115.0, 107.0, -15.0],178.97823661
180119,010218.00,43.1334658333,141.223136167,2,15,-269,66,-15,72,72,[-4717.0, 122.0, 20.0],178.99834216
180119,010233.00,43.133485,141.223141333,5,14,-271,56,-12,70,70,[-4440.0, 67.0, 0.0],178.451060191
180119,010234.00,43.1334828333,141.2231405,3,13,-273,65,-12,62,62,[-5375.0, 140.0, 0.0],178.906128895
180119,010235.00,43.1334811667,141.223143,4,14,-270,70,-26,65,65,[-3832.0, 50.0, -62.0],178.794448721
180119,010236.00,43.1334815,141.223145833,7,19,-272,59,-24,62,62,[-4517.0, 67.0, 5.0],179.018610998
180119,010237.00,43.1334808333,141.223149,6,17,-274,73,-30,70,70,[-4342.0, 72.0, 25.0],178.456475258
180119,010238.00,43.13348,141.223149167,5,14,-271,53,-11,69,69,[-4380.0, 82.0, 5.0],179.120174928
180119,010239.00,43.1334783333,141.2231485,4,17,-274,70,-17,66,66,[-4032.0, 82.0, -62.0],178.822658487
180119,010240.00,43.1334768333,141.223148,8,21,-274,73,-19,63,63,[-4300.0, 77.0, -20.0],178.494045068
180119,010241.00,43.1334771667,141.223148667,7,19,-277,82,-27,71,71,[-5367.0, 45.0, 20.0],179.288485655
180119,010255.00,43.1334638333,141.223134667,3,14,-271,68,-14,59,59,[-3680.0, 102.0, 10.0],178.458710137
180119,010256.00,43.1334621667,141.223132,2,16,-270,71,-29,66,66,[-4745.0, 60.0, 40.0],179.195606662
180119,010257.00,43.1334605,141.223128833,8,21,-275,71,-21,66,66,[-4625.0, 72.0, 0.0],179.319074376
180119,010258.00,43.1334586667,141.2231265,5,18,-275,60,-13,62,62,[-2772.0, 117.0, 35.0],179.080895216
180119,010259.00,43.1334578333,141.223125167,7,19,-273,54,-2,68,68,[-4005.0, 127.0, -52.0],178.842211413
180119,010300.00,43.1334566667,141.223123667,7,18,-275,75,-29,60,60,[-4235.0, 97.0, 0.0],179.797303512
180119,010301.00,43.1334553333,141.223122167,5,18,-274,63,-9,65,65,[-4012.0, 67.0, 30.0],179.216541157
180119,010302.00,43.1334541667,141.223121333,8,19,-277,66,-23,64,64,[-4500.0, 77.0, -15.0],178.484741885
180119,010303.00,43.1334538333,141.223121,5,17,-274,68,-9,57,57,[-4402.0, 72.0, -45.0],178.466360381
180119,010318.00,43.133478,141.223133667,5,17,-273,79,-20,61,61,[-5640.0, 97.0, -67.0],178.805115086
180119,010319.00,43.1334826667,141.223136333,7,18,-277,61,-10,66,66,[-3092.0, 122.0, 30.0],178.951537033
180119,010320.00,43.1334835,141.2231385,7,18,-277,76,-30,66,66,[-3717.0, 77.0, 15.0],178.961753573
180119,010321.00,43.1334843333,141.223140167,4,15,-269,73,-29,67,67,[-4490.0, 97.0, 0.0],179.140691874
180119,010322.00,43.1334863333,141.2231415,4,16,-269,62,-8,69,69,[-4397.0, 92.0, -5.0],178.133438644
180119,010323.00,43.1334895,141.223143333,3,15,-274,69,-14,63,63,[-4657.0, 102.0, 0.0],178.847977845
180119,010324.00,43.1334935,141.223145,6,18,-275,75,-35,68,68,[-3007.0, 67.0, -5.0],178.708837048
180119,010325.00,43.1334981667,141.223146167,4,14,-271,66,-19,66,66,[-3127.0, 112.0, -35.0],177.8572176
180119,010326.00,43.1334991667,141.2231475,6,18,-277,73,-23,72,72,[-2790.0, 55.0, 10.0],179.098567363
180119,010341.00,43.1334926667,141.223138,2,14,-269,77,-27,63,63,[-3512.0, 82.0, 0.0],179.159398407
180119,010342.00,43.1334903333,141.223136,6,18,-270,56,-19,68,68,[-4147.0, 135.0, -20.0],178.656185852
180119,010343.00,43.1334886667,141.223135,5,16,-271,70,-26,67,67,[-4102.0, 107.0, -100.0],179.188190855
180119,010344.00,43.1334863333,141.223134,5,18,-277,59,-14,64,64,[-4222.0, 20.0, 35.0],178.478629574
180119,010345.00,43.1334845,141.223133167,3,15,-270,72,-26,60,60,[-4640.0, 92.0, -35.0],178.609779432
180119,010346.00,43.133483,141.223132,8,18,-275,64,-19,65,65,[-5852.0, 117.0, 0.0],178.868404787
180119,010347.00,43.1334815,141.223130833,5,16,-274,68,-16,61,61,[-2530.0, 50.0, -15.0],178.008503096
180119,010348.00,43.1334803333,141.223129833,4,13,-273,56,-8,66,66,[-5015.0, 50.0, 20.0],178.940737874
180119,010349.00,43.1334791667,141.223129167,7,21,-274,63,-21,64,64,[-3240.0, 72.0, 15.0],178.79300335
180119,010350.00,43.1334783333,141.2231295,8,18,-277,64,-22,58,58,[-3762.0, 45.0, 15.0],178.976424311
180119,010404.00,43.1334516667,141.223133167,8,20,-275,74,-27,62,62,[-3690.0, 55.0, 10.0],178.963155544
180119,010405.00,43.1334488333,141.223133667,7,18,-276,74,-20,65,65,[-4375.0, 107.0, 0.0],178.515156005
180119,010406.00,43.1334456667,141.223134,3,14,-269,70,-18,61,61,[-4135.0, 92.0, 0.0],179.175657179
180119,010407.00,43.1334428333,141.223135,3,15,-269,57,-23,66,66,[-3712.0, 77.0, 10.0],178.962251903
180119,010408.00,43.1334383333,141.223136333,7,18,-275,66,-25,61,61,[-4212.0, 135.0, -10.0],178.80907648
180119,010409.00,43.1334343333,141.223138333,1,14,-274,68,-27,68,68,[-3272.0, 127.0, -10.0],178.46660226
180119,010410.00,43.1334311667,141.223140667,6,17,-271,57,-11,59,59,[-5255.0, 107.0, -20.0],178.730922194
180119,010411.00,43.1334288333,141.223142833,2,13,-272,52,-14,68,68,[-3360.0, 92.0, 10.0],178.418405525
180119,010412.00,43.1334268333,141.223145333,8,19,-274,59,-9,66,66,[-5060.0, 122.0, -25.0],178.090847567
180119,010427.00,43.1334078333,141.223154333,8,18,-277,70,-27,59,59,[-5010.0, 87.0, 0.0],179.087804606
180119,010428.00,43.1334073333,141.223153833,3,15,-272,52,-9,63,63,[-3572.0, 107.0, -25.0],178.13180085
180119,010429.00,43.1334071667,141.2231535,6,16,-275,57,-12,66,66,[-4652.0, 135.0, 20.0],179.148959616
180119,010430.00,43.1334071667,141.223153,3,14,-270,62,-16,65,65,[-4962.0, 97.0, -62.0],178.87510597
180119,010431.00,43.1334068333,141.223152,3,12,-269,62,-13,70,70,[-5237.0, 127.0, 0.0],179.097432221
180119,010432.00,43.1334066667,141.223150667,5,15,-272,63,-17,69,69,[-5152.0, 102.0, 0.0],179.177511563
180119,010433.00,43.1334065,141.2231495,6,17,-277,62,-17,71,71,[-4500.0, 87.0, -72.0],178.818811087
180119,010434.00,43.1334063333,141.2231485,5,18,-278,69,-21,64,64,[-3755.0, 87.0, 52.0],178.650481139
180119,010435.00,43.1334061667,141.223147667,4,17,-274,65,-23,67,67,[-4012.0, 92.0, -45.0],178.745232655
180119,010449.00,43.1334223333,141.223142,6,18,-273,57,-16,62,62,[-3475.0, 117.0, -82.0],178.144378505
180119,010450.00,43.1334238333,141.223141667,4,16,-268,72,-24,69,69,[-4012.0, 155.0, -5.0],177.712246605
180119,010451.00,43.1334255,141.223142833,3,15,-273,62,-11,58,58,[-4982.0, 87.0, 0.0],179.238976178
180119,010452.00,43.133427,141.223144167,5,15,-270,63,-16,64,64,[-3572.0, 102.0, -10.0],178.293753889
180119,010453.00,43.1334286667,141.2231455,4,14,-269,65,-23,67,67,[-5357.0, 97.0, -5.0],179.094693925
180119,010454.00,43.1334303333,141.223147167,4,12,-270,57,-24,63,63,[-3572.0, 122.0, 20.0],178.65404308
180119,010455.00,43.1334323333,141.223149,4,15,-275,65,-14,64,64,[-3750.0, 60.0, 0.0],178.667424066
180119,010456.00,43.133434,141.2231505,7,19,-277,71,-23,59,59,[-4607.0, 82.0, -25.0],178.548238664
180119,010457.00,43.1334355,141.2231525,7,17,-271,56,-3,65,65,[-2870.0, 50.0, -5.0],178.373054691
180119,010512.00,43.133447,141.2231835,7,18,-274,65,-19,62,62,[-4267.0, 97.0, 0.0],178.323528953
180119,010513.00,43.1334466667,141.223185333,8,18,-274,51,-10,61,61,[-3967.0, 60.0, 25.0],178.684073698
180119,010514.00,43.1334463333,141.223187333,9,19,-275,52,-15,64,64,[-5080.0, 102.0, 0.0],178.855807204
180119,010515.00,43.1334461667,141.223189333,8,17,-276,70,-20,64,64,[-5195.0, 67.0, -5.0],179.196448495
180119,010516.00,43.1334466667,141.223191,7,18,-277,62,-25,60,60,[-4467.0, 87.0, 15.0],179.006456574
180119,010517.00,43.133447,141.223192167,4,14,-271,53,-10,57,57,[-4467.0, 55.0, 40.0],178.969792194
180119,010518.00,43.1334473333,141.223193333,5,13,-270,77,-18,67,67,[-3050.0, 87.0, -25.0],178.635170144
180119,010519.00,43.133448,141.223193833,3,14,-269,66,-21,68,68,[-3847.0, 77.0, 0.0],178.251167986
180119,010520.00,43.133449,141.2231945,3,15,-275,58,-10,58,58,[-5797.0, 92.0, -77.0],179.171555386
180119,010534.00,43.1334661667,141.223209333,5,14,-270,62,-11,62,62,[-6482.0, 97.0, -20.0],179.322643032
180119,010535.00,43.1334671667,141.223210333,3,13,-270,66,-12,65,65,[-5177.0, 112.0, 0.0],178.805115086
180119,010536.00,43.1334685,141.223211167,5,18,-276,62,-16,58,58,[-3680.0, 122.0, 10.0],178.766518983
180119,010537.00,43.1334696667,141.223212,7,17,-274,52,-7,61,61,[-3962.0, 107.0, 5.0],178.27811204
180119,010538.00,43.1334708333,141.223212333,7,18,-273,52,-21,65,65,[-3540.0, 112.0, 0.0],178.200556151
180119,010539.00,43.1334721667,141.2232125,8,19,-274,58,0,55,55,[-5320.0, 87.0, -15.0],178.735371814
180119,010540.00,43.1334731667,141.223212,6,17,-275,56,-15,57,57,[-3110.0, 112.0, -25.0],177.200024693
180119,010541.00,43.1334736667,141.2232115,3,13,-273,61,-9,58,58,[-3782.0, 145.0, 10.0],178.846282619
180119,010542.00,43.1334748333,141.223211,9,14,-280,42,-5,62,62,[-3545.0, 97.0, -20.0],178.567903816
180119,010556.00,43.1334775,141.223187833,4,18,-272,55,-15,61,61,[-4287.0, 92.0, 0.0],178.801640608
180119,010557.00,43.1334773333,141.223186167,13,19,-296,54,-2,64,64,[-4202.0, 107.0, 0.0],179.250989218
180119,010558.00,43.1334765,141.223183333,13,16,-272,62,-13,63,63,[-4407.0, 45.0, 0.0],178.730922194
180119,010559.00,43.133476,141.223180167,10,14,-271,66,-17,61,61,[-5032.0, 87.0, -67.0],179.057039397
180119,010600.00,43.1334761667,141.223176833,11,14,-268,72,-30,65,65,[-4012.0, 112.0, -52.0],178.530830124
180119,010601.00,43.1334765,141.223173667,8,19,-271,77,-36,51,51,[-4620.0, 77.0, 0.0],178.475014996
180119,010602.00,43.1334771667,141.2231705,14,16,-271,69,-21,58,58,[-5417.0, 82.0, -5.0],178.766776271
180119,010603.00,43.1334765,141.2231665,8,15,-266,76,-30,57,57,[-4755.0, 72.0, 30.0],179.189066098
180119,010604.00,43.1334758333,141.223162667,15,19,-271,64,-17,61,61,[-4550.0, 107.0, 5.0],178.910572222
180119,010618.00,43.1334681667,141.223118667,12,15,-270,64,-18,56,56,[-4022.0, 77.0, -15.0],177.934862959
180119,010619.00,43.1334678333,141.223115167,10,15,-271,70,-12,63,63,[-3480.0, 102.0, -35.0],178.229723443
180119,010620.00,43.1334676667,141.2231115,13,32,-262,57,-18,54,54,[-3577.0, 140.0, 0.0],178.966123276
180119,010621.00,43.1334653333,141.223106833,21,21,-275,72,-22,59,59,[-4435.0, 122.0, 5.0],179.000152497
180119,010622.00,43.1334626667,141.223102667,12,18,-270,65,-23,57,57,[-4875.0, 102.0, 0.0],178.807970974
180119,010623.00,43.1334605,141.223099167,5,7,-273,54,-10,61,61,[-4510.0, 77.0, 15.0],178.314909675
180119,010624.00,43.1334585,141.2230955,15,30,-274,54,-4,56,56,[-7122.0, 5.0, -87.0],179.559579901
180119,010625.00,43.1334565,141.223092167,18,8,-286,62,-25,22,22,[-5755.0, 82.0, 467.0],179.163624675
180119,010626.00,43.1334573333,141.223091333,67,20,-226,37,82,-93,-93,[-5807.0, 60.0, 92.0],178.886055773
180119,010640.00,43.1335443333,141.223008833,48,0,-289,45,-29,-188,-188,[-5070.0, 97.0, -40.0],179.83105284
180119,010641.00,43.133558,141.222974,6,-26,-280,58,-24,65,65,[-4430.0, 87.0, -35.0],179.422864232
180119,010642.00,43.1335655,141.222934667,7,16,-272,56,-9,57,57,[-6567.0, 92.0, -20.0],179.560960474
180119,010643.00,43.1335675,141.222895667,10,20,-277,47,-2,57,57,[-5727.0, 55.0, -20.0],179.038884588
180119,010644.00,43.133571,141.2228675,11,22,-272,59,-18,56,56,[-7252.0, 82.0, -10.0],179.316848731
180119,010645.00,43.1335753333,141.2228485,8,18,-271,53,-11,63,63,[-5080.0, 107.0, 15.0],178.893028071
180119,010646.00,43.1335753333,141.2228415,10,22,-275,50,-11,60,60,[-4582.0, 107.0, 25.0],171.907917401
180119,010647.00,43.1335736667,141.222838667,9,17,-271,56,-12,61,61,[-5042.0, 50.0, -25.0],179.074316231
180119,010648.00,43.133572,141.222836333,10,20,-271,48,-17,58,58,[-4672.0, 97.0, -52.0],178.694443593
180119,010702.00,43.1335576667,141.222815,9,21,-273,56,-6,59,59,[-5250.0, 92.0, -20.0],178.884202656
180119,010703.00,43.133557,141.222814167,9,22,-276,55,-9,57,57,[-3880.0, 77.0, 0.0],178.964830184
180119,010704.00,43.1335563333,141.222813333,8,19,-273,56,-7,57,57,[-3637.0, 77.0, 57.0],178.721775659
180119,010705.00,43.1335558333,141.222812333,14,21,-271,57,-15,56,56,[-4647.0, 122.0, 0.0],178.861659151
180119,010706.00,43.1335503333,141.222805,13,16,-281,61,-15,63,63,[-6150.0, 92.0, -40.0],178.868777597
180119,010707.00,43.133547,141.2228,14,20,-268,57,-11,61,61,[-4890.0, 117.0, -82.0],178.037361221
180119,010708.00,43.133545,141.222795833,12,19,-276,55,-24,57,57,[-4115.0, 97.0, -92.0],178.85466521
180119,010709.00,43.1335435,141.222792667,4,18,-278,66,-29,61,61,[-5152.0, 122.0, -30.0],178.382535354
180119,010710.00,43.1335421667,141.22279,4,19,-279,58,-22,47,47,[-4217.0, 50.0, -72.0],178.878841469
180119,010724.00,43.133527,141.222766,4,22,-270,61,-21,50,50,[-6052.0, 35.0, 0.0],179.373790477
180119,010725.00,43.1335263333,141.222765333,8,18,-274,54,-17,56,56,[-5500.0, 92.0, 30.0],178.547260793
180119,010726.00,43.1335258333,141.222764667,8,15,-272,58,-21,51,51,[-4667.0, 107.0, 35.0],179.26264329
180119,010727.00,43.1335255,141.222764167,16,22,-278,58,-7,60,60,[-5435.0, 82.0, -40.0],178.873187869
180119,010728.00,43.133525,141.222763667,7,18,-274,58,-17,64,64,[-5900.0, 92.0, -25.0],178.874222324
180119,010729.00,43.1335246667,141.222763333,6,18,-270,61,-18,61,61,[-4097.0, 77.0, 0.0],178.634732506
180119,010730.00,43.1335243333,141.222763167,9,19,-273,54,-20,54,54,[-5847.0, 45.0, -57.0],179.108459695
180119,010731.00,43.133524,141.222762833,8,20,-276,58,-15,50,50,[-6765.0, 60.0, -105.0],179.045158746
180119,010732.00,43.1335236667,141.222762833,7,17,-271,54,-16,56,56,[-4550.0, 122.0, -40.0],179.088811942
180119,010746.00,43.1335156667,141.222762167,8,18,-271,54,-16,58,58,[-6172.0, 102.0, 10.0],178.995105583
180119,010747.00,43.1335153333,141.222761833,7,15,-272,54,-12,52,52,[-3587.0, 117.0, 0.0],178.77367214
180119,010748.00,43.1335151667,141.2227615,7,17,-269,56,-10,57,57,[-4282.0, 60.0, -30.0],178.893364033
180119,010749.00,43.133515,141.222761167,9,18,-267,66,-23,53,53,[-5342.0, 92.0, 5.0],178.651977222
180119,010750.00,43.1335148333,141.222760833,9,17,-270,53,-7,57,57,[-4885.0, 77.0, 30.0],178.518944783
180119,010751.00,43.1335148333,141.222760333,8,18,-270,64,-21,56,56,[-5070.0, 150.0, -15.0],178.945931352
180119,010752.00,43.133515,141.222759833,10,20,-273,57,-17,60,60,[-4945.0, 87.0, -62.0],178.566435612
180119,010753.00,43.133515,141.222759333,10,18,-268,61,-7,59,59,[-4680.0, 107.0, 0.0],178.939539658
180119,010754.00,43.1335151667,141.222758667,7,18,-270,59,-13,55,55,[-6922.0, 97.0, 0.0],179.00442491
180119,010808.00,43.1335208333,141.222753833,11,20,-272,52,-2,59,59,[-3912.0, 97.0, 10.0],178.574148507
180119,010809.00,43.1335215,141.222753833,9,20,-273,57,-11,57,57,[-3560.0, 102.0, -35.0],179.018518724
180119,010810.00,43.1335221667,141.222753667,8,19,-270,57,-12,59,59,[-5667.0, 82.0, -35.0],179.316604027
180119,010811.00,43.1335228333,141.222753333,8,18,-271,52,-7,50,50,[-4245.0, 87.0, -20.0],178.485092828
180119,010812.00,43.1335233333,141.222753,9,19,-270,48,-13,58,58,[-5807.0, 87.0, -5.0],178.45097654
180119,010813.00,43.133524,141.222752833,12,19,-272,49,-7,52,52,[-4890.0, 92.0, 0.0],179.034366068
180119,010814.00,43.1335246667,141.2227525,6,18,-272,59,-18,59,59,[-3972.0, 30.0, -45.0],179.380275337
180119,010815.00,43.1335253333,141.222752333,6,16,-271,54,-17,58,58,[-4425.0, 107.0, -15.0],179.061876854
180119,010816.00,43.133526,141.222752167,10,18,-273,54,-6,56,56,[-5395.0, 117.0, -20.0],179.180023453
180119,010830.00,43.133531,141.222755167,5,17,-270,57,-19,50,50,[-4097.0, 92.0, 0.0],178.701100117
180119,010831.00,43.1335311667,141.222755667,7,16,-271,48,-17,55,55,[-4787.0, 60.0, -10.0],178.893902022
180119,010832.00,43.1335313333,141.222756333,6,19,-276,61,-9,49,49,[-5020.0, 60.0, 0.0],179.006135024
180119,010833.00,43.1335315,141.222756833,6,19,-272,60,-19,58,58,[-5635.0, 107.0, -87.0],178.446446484
180119,010834.00,43.1335316667,141.222757167,12,18,-276,61,-10,49,49,[-3017.0, 15.0, -10.0],178.862576055
180119,010835.00,43.1335318333,141.222757667,8,14,-268,58,-17,49,49,[-4732.0, 50.0, -30.0],178.557300163
180119,010836.00,43.1335321667,141.222758167,14,20,-283,49,-17,59,59,[-4425.0, 45.0, 5.0],178.991698382
180119,010837.00,43.1335323333,141.222758667,9,18,-274,57,-16,54,54,[-3565.0, 60.0, -25.0],178.828869507
180119,010838.00,43.1335323333,141.222758833,11,20,-274,63,-11,52,52,[-5472.0, 102.0, -347.0],179.189901566
180119,010852.00,43.1335373333,141.222760167,8,19,-268,47,-4,60,60,[-6812.0, 77.0, -45.0],179.096515805
180119,010853.00,43.1335376667,141.222759833,10,21,-275,57,-7,57,57,[-4820.0, 72.0, -35.0],179.088531773
180119,010854.00,43.133538,141.222759667,12,20,-271,54,-14,52,52,[-5027.0, 160.0, 0.0],178.178808197
180119,010855.00,43.1335385,141.222759167,9,16,-270,55,-6,64,64,[-6280.0, 50.0, -35.0],179.022320036
180119,010856.00,43.1335388333,141.2227585,7,20,-275,50,-7,55,55,[-5135.0, 87.0, -500.0],179.505550316
180119,010857.00,43.133539,141.222758,6,17,-271,58,-13,58,58,[-6097.0, 60.0, -77.0],179.364144504
180119,010858.00,43.1335391667,141.222757667,7,17,-272,47,-8,53,53,[-5185.0, 107.0, -20.0],179.222231306
180119,010859.00,43.1335393333,141.222757333,8,17,-269,52,-10,53,53,[-3935.0, 77.0, -10.0],179.202665879
180119,010900.00,43.1335391667,141.222757333,10,19,-274,57,-9,42,42,[-4865.0, 122.0, 45.0],179.152107918
180119,010914.00,43.1335385,141.222754333,11,20,-275,51,-1,56,56,[-4490.0, 102.0, -35.0],179.471293572
180119,010915.00,43.1335385,141.2227545,6,17,-271,54,-22,52,52,[-5212.0, 97.0, 0.0],179.508437213
180119,010916.00,43.1335386667,141.222754667,10,18,-273,50,-2,55,55,[-4930.0, 67.0, -87.0],179.768269092
180119,010917.00,43.1335386667,141.222754667,9,16,-268,47,-5,60,60,[-5672.0, 87.0, 15.0],179.334058124
180119,010918.00,43.1335388333,141.222754833,11,22,-276,57,-16,61,61,[-5775.0, 112.0, -35.0],179.334146677
180119,010919.00,43.133539,141.222754833,8,17,-272,46,-10,55,55,[-4667.0, 117.0, -20.0],179.037719818
180119,010920.00,43.1335393333,141.222754667,10,21,-275,58,-22,57,57,[-4712.0, 60.0, 0.0],179.452255889
180119,010921.00,43.1335395,141.2227545,6,16,-271,53,-17,59,59,[-2985.0, 45.0, 25.0],179.513133918
180119,010922.00,43.1335396667,141.2227545,11,19,-276,56,-14,56,56,[-4347.0, 82.0, 0.0],178.832023094
180119,010936.00,43.1335416667,141.222759833,12,20,-276,63,-16,58,58,[-4217.0, 122.0, 40.0],179.377056241
180119,010937.00,43.1335416667,141.222760167,10,20,-277,62,-4,61,61,[-6385.0, 72.0, -5.0],179.397098234
180119,010938.00,43.1335413333,141.222760667,7,16,-269,51,-10,54,54,[-6982.0, 122.0, 0.0],179.168739764
180119,010939.00,43.133541,141.222761167,6,17,-275,57,-14,54,54,[-6030.0, 92.0, 0.0],179.481030683
180119,010940.00,43.1335406667,141.222761667,6,19,-274,56,-12,52,52,[-4885.0, 102.0, -25.0],178.178901529
180119,010941.00,43.1335401667,141.222762167,9,18,-277,57,-10,57,57,[-4630.0, 82.0, -15.0],179.041426676
180119,010942.00,43.1335396667,141.2227625,8,17,-272,60,-2,55,55,[-4575.0, 77.0, 0.0],179.037241425
180119,010943.00,43.1335391667,141.222762833,11,19,-277,59,-16,59,59,[-5245.0, 72.0, -52.0],178.833529709
180119,010944.00,43.1335388333,141.222763167,10,19,-276,56,-28,58,58,[-5047.0, 107.0, -10.0],178.533448106
180119,010958.00,43.1335346667,141.222766333,9,20,-274,47,-12,56,56,[-3880.0, 60.0, 0.0],177.906956286
180119,010959.00,43.1335345,141.222766333,6,17,-269,63,-6,58,58,[-5260.0, 77.0, -15.0],178.476824429
180119,011000.00,43.1335345,141.2227665,6,14,-270,54,-11,60,60,[-5000.0, 77.0, -100.0],178.98971336
180119,011001.00,43.1335346667,141.2227665,9,18,-275,59,-20,54,54,[-5835.0, 67.0, -10.0],178.953394824
180119,011002.00,43.1335346667,141.2227665,8,19,-274,51,-8,63,63,[-4077.0, 97.0, -15.0],179.368396463
180119,011003.00,43.1335348333,141.2227665,10,18,-276,57,-11,49,49,[-4565.0, 77.0, -67.0],178.4302614
180119,011004.00,43.1335348333,141.2227665,7,19,-276,58,-7,52,52,[-6232.0, 82.0, -10.0],179.116775209
180119,011005.00,43.133535,141.2227665,2,49,-272,47,-12,60,60,[-4000.0, 102.0, 0.0],179.369246258
180119,011006.00,43.1335351667,141.2227665,15,22,-259,58,-5,99,99,[-5347.0, 97.0, -30.0],179.275323292
180119,011021.00,43.1335966667,141.2226675,16,25,-239,65,-31,35,35,[-4240.0, 67.0, 15.0],178.789290046
180119,011022.00,43.1336121667,141.222636833,16,19,-257,47,-33,39,39,[-5005.0, 77.0, -20.0],178.708266551
180119,011023.00,43.1336281667,141.222603,18,27,-245,64,-14,32,32,[-5722.0, 67.0, 15.0],179.268836411
180119,011024.00,43.1336453333,141.222566167,15,19,-301,73,60,48,48,[-4787.0, 82.0, -45.0],179.140090393
180119,011025.00,43.1336631667,141.222526333,29,27,-267,71,69,33,33,[-4300.0, 35.0, -35.0],179.034432213
180119,011026.00,43.1336816667,141.222483,-16,20,-235,46,-26,73,73,[-5505.0, 92.0, -5.0],178.798559422
180119,011027.00,43.1337005,141.222436667,-3,10,-318,49,3,89,89,[-7072.0, 67.0, 0.0],178.893091755
180119,011028.00,43.1337208333,141.2223875,18,11,-358,48,-42,68,68,[-5140.0, 72.0, -25.0],179.176524028
180119,011029.00,43.1337423333,141.222336333,27,17,-303,76,21,5,5,[-4615.0, 72.0, -35.0],178.658746496
180119,011043.00,43.1340696667,141.2216415,25,3,-328,64,3,-62,-62,[-6575.0, 55.0, -77.0],178.636904325
180119,011044.00,43.13407,141.221595667,22,15,-252,68,-69,-115,-115,[-3755.0, 107.0, -52.0],178.556928514
180119,011045.00,43.134062,141.2215525,10,24,-221,67,-38,-64,-64,[-3490.0, 107.0, -5.0],177.976536322
180119,011046.00,43.1340483333,141.221516833,15,21,-318,36,14,3,3,[-2970.0, 155.0, -15.0],177.713294695
180119,011047.00,43.1340303333,141.221487333,33,-1,-242,56,-29,-89,-89,[-3087.0, 82.0, 10.0],179.002864013
180119,011048.00,43.1340083333,141.221462167,18,16,-210,56,-11,-95,-95,[-2377.0, 145.0, 0.0],176.913153988
180119,011049.00,43.1339813333,141.221443,36,0,-266,45,-16,-98,-98,[-3045.0, 145.0, -25.0],177.425142429
180119,011050.00,43.1339506667,141.2214275,6,-13,-246,65,-31,-4,-4,[-2920.0, 102.0, 5.0],177.581491461
180119,011051.00,43.1339183333,141.221412833,16,16,-272,78,-30,54,54,[-3415.0, 155.0, 0.0],178.441776443
180119,011105.00,43.1336038333,141.221556833,11,18,-268,63,-20,47,47,[-3457.0, 97.0, -25.0],178.880953617
180119,011106.00,43.1336066667,141.221553,28,20,-303,53,-58,91,91,[-2562.0, 92.0, -10.0],178.134051329
180119,011107.00,43.133616,141.221539833,33,23,-287,41,6,63,63,[-3777.0, 92.0, 0.0],178.217185453
180119,011108.00,43.1336271667,141.221519833,11,51,-276,61,-2,54,54,[-1497.0, 50.0, -15.0],176.785395115
180119,011109.00,43.1336363333,141.221491667,10,19,-268,55,-6,52,52,[-2990.0, 97.0, -20.0],177.808686174
180119,011110.00,43.1336438333,141.221457667,10,19,-273,51,-2,47,47,[-3240.0, 77.0, -10.0],178.464240682
180119,011111.00,43.133653,141.221425167,11,20,-273,58,-2,54,54,[-2530.0, 77.0, -30.0],178.088518218
180119,011112.00,43.1336638333,141.221394833,12,19,-271,45,-1,57,57,[-3392.0, 117.0, -20.0],178.777658176
180119,011113.00,43.1336755,141.2213675,1,20,-281,57,-14,52,52,[-2832.0, 97.0, 0.0],178.363422958
180119,011127.00,43.133689,141.221336667,9,20,-272,48,2,63,63,[-2577.0, 82.0, -10.0],177.833085317
180119,011128.00,43.1336893333,141.221336333,18,20,-277,49,12,53,53,[-3217.0, 72.0, -45.0],178.211731952
180119,011129.00,43.1336898333,141.221335833,11,23,-280,50,-3,62,62,[-3082.0, 60.0, 0.0],178.471276127
180119,011130.00,43.1336901667,141.221335667,14,20,-270,54,-7,52,52,[-3555.0, 60.0, 0.0],178.519652041
180119,011131.00,43.1336903333,141.2213355,11,20,-275,48,-9,56,56,[-3012.0, 87.0, 20.0],177.936700988
180119,011132.00,43.1336903333,141.221335667,11,21,-275,56,-16,54,54,[-3952.0, 97.0, 0.0],179.078656068
180119,011133.00,43.1336903333,141.2213355,13,21,-269,62,-11,55,55,[-3665.0, 67.0, 82.0],179.137176983
180119,011134.00,43.1336898333,141.221335333,11,19,-269,51,-2,62,62,[-2882.0, 72.0, 30.0],178.566056721
180119,011135.00,43.1336888333,141.221335,12,20,-271,50,-12,55,55,[-3430.0, 67.0, 25.0],178.703403325
180119,011150.00,43.133679,141.2213315,12,20,-272,61,-8,54,54,[-2920.0, 77.0, -25.0],178.339043097
180119,011151.00,43.1336786667,141.221330833,12,20,-272,48,-18,50,50,[-2975.0, 77.0, 25.0],179.314442194
180119,011152.00,43.1336785,141.221330167,13,21,-273,50,-3,56,56,[-2187.0, 82.0, 10.0],177.205389598
180119,011153.00,43.1336783333,141.221329667,12,20,-272,50,-14,54,54,[-4620.0, 87.0, -10.0],178.4321785
180119,011154.00,43.1336783333,141.221329333,11,20,-272,56,-9,56,56,[-3027.0, 135.0, 5.0],177.243864873
180119,011155.00,43.1336783333,141.221329167,12,21,-272,47,-6,50,50,[-2197.0, 77.0, -10.0],178.291684904
180119,011156.00,43.1336783333,141.221329167,12,19,-274,49,1,50,50,[-2522.0, 112.0, 0.0],179.208984271
180119,011157.00,43.1336783333,141.221329167,13,20,-273,54,-17,55,55,[-1677.0, 97.0, -30.0],175.336650894
180119,011158.00,43.1336785,141.221329,13,21,-272,60,-12,54,54,[-3240.0, 60.0, -25.0],177.957596915
180119,011159.00,43.1336786667,141.221329,12,21,-272,48,-10,50,50,[-2745.0, 87.0, -20.0],178.367660498
180119,011214.00,43.1336836667,141.2213315,12,21,-272,50,-5,51,51,[-1785.0, 127.0, 0.0],176.100954474
180119,011215.00,43.1336841667,141.221332,13,20,-271,50,-1,50,50,[-2780.0, 92.0, -5.0],177.030251571
180119,011216.00,43.1336845,141.221332333,12,20,-271,56,-2,54,54,[-2365.0, 82.0, 0.0],177.332014206
180119,011217.00,43.1336846667,141.221332667,13,20,-272,52,-9,52,52,[-3077.0, 107.0, 52.0],178.375156028
180119,011218.00,43.1336846667,141.221333,12,20,-272,56,2,52,52,[-3192.0, 122.0, 30.0],178.660565153
180119,011219.00,43.1336846667,141.221333333,14,20,-273,51,-6,50,50,[-1947.0, 107.0, 45.0],177.041688332
180119,011220.00,43.1336848333,141.221333667,12,20,-271,55,-12,57,57,[-2925.0, 165.0, 5.0],178.231698661
180119,011221.00,43.1336848333,141.221333833,13,18,-273,55,-12,60,60,[-3777.0, 92.0, -5.0],178.131724309
180119,011222.00,43.1336848333,141.221334,13,20,-272,47,-12,54,54,[-2702.0, 60.0, 5.0],177.409965467
180119,011236.00,43.1336838333,141.221329667,13,20,-272,51,-11,58,58,[-3120.0, 97.0, 0.0],178.075133217
180119,011237.00,43.1336836667,141.2213295,12,21,-272,44,0,46,46,[-2897.0, 77.0, 25.0],178.457793873
180119,011238.00,43.1336833333,141.2213295,12,19,-273,49,-6,59,59,[-3002.0, 117.0, -120.0],177.775485541
180119,011239.00,43.1336828333,141.2213295,13,19,-272,56,-10,52,52,[-3680.0, 55.0, -15.0],178.247332179
180119,011240.00,43.1336823333,141.221329667,11,20,-271,52,-9,50,50,[-1762.0, 72.0, 0.0],176.648964233
180119,011241.00,43.1336818333,141.221329667,13,19,-273,47,-12,51,51,[-1975.0, 60.0, -15.0],178.436230623
180119,011242.00,43.1336811667,141.221329833,13,19,-271,45,-15,47,47,[-4555.0, 82.0, -15.0],178.906989446
180119,011243.00,43.1336806667,141.221329833,12,20,-273,50,-8,53,53,[-3045.0, 107.0, 0.0],178.745684984
180119,011244.00,43.13368,141.221329833,12,19,-272,52,-12,55,55,[-3507.0, 92.0, 0.0],178.815555806
180119,011258.00,43.1336716667,141.221327167,13,20,-273,54,-7,55,55,[-3202.0, 102.0, 15.0],179.028978069
180119,011259.00,43.1336711667,141.221327333,11,20,-272,50,-12,52,52,[-2957.0, 87.0, -40.0],178.716329463
180119,011300.00,43.1336706667,141.221327167,12,20,-272,50,-10,46,46,[-2915.0, 25.0, 0.0],178.17397302
180119,011301.00,43.1336703333,141.221327167,12,20,-272,54,-7,55,55,[-2610.0, 97.0, -72.0],178.166803041
180119,011302.00,43.1336698333,141.221327,11,17,-271,45,-8,45,45,[-2432.0, 107.0, -40.0],177.245706542
180119,011303.00,43.1336695,141.221327,11,19,-273,49,-11,55,55,[-3217.0, 112.0, -10.0],178.29329061
180119,011304.00,43.1336691667,141.221326667,12,20,-272,43,-7,51,51,[-2870.0, 92.0, 0.0],178.139350778
180119,011305.00,43.1336691667,141.221326333,11,20,-272,46,0,49,49,[-3132.0, 45.0, 5.0],178.268921137
180119,011306.00,43.133669,141.221326167,13,22,-275,53,-13,54,54,[-2935.0, 122.0, -25.0],177.377154233
180119,011320.00,43.133671,141.221322667,14,16,-295,48,-3,52,52,[-2540.0, 60.0, 5.0],178.810051068
180119,011322.00,43.1336698333,141.221322833,13,20,-275,53,-2,57,57,[-3697.0, 82.0, 45.0],178.474361053
180119,011323.00,43.1336691667,141.221322833,9,12,-280,136,-68,37,37,[-3745.0, 102.0, -20.0],178.446052217
180119,011324.00,43.1336685,141.221323,12,25,-259,56,-13,55,55,[-2920.0, 107.0, 0.0],177.633431743
180119,011325.00,43.133668,141.2213235,12,23,-279,48,-11,84,84,[-3382.0, 67.0, 0.0],178.361897606
180119,011326.00,43.1336675,141.221323833,-2,20,-277,38,-13,95,95,[-2925.0, 107.0, -30.0],177.481165327
180119,011327.00,43.1336673333,141.221324333,26,25,-278,40,0,31,31,[-3565.0, 102.0, -30.0],178.325929406
180119,011328.00,43.133667,141.221324667,9,26,-266,52,18,17,17,[-3067.0, 67.0, -20.0],177.986795457
180119,011342.00,43.1335661667,141.2215045,23,24,-273,39,-25,33,33,[-3012.0, 127.0, 0.0],178.938815434
180119,011343.00,43.1335606667,141.221524167,12,26,-261,52,8,49,49,[-2942.0, 112.0, -40.0],178.940870948
180119,011344.00,43.133554,141.221543333,2,18,-288,52,-9,50,50,[-2317.0, 77.0, 0.0],178.343656544
180119,011345.00,43.1335465,141.221562333,1,14,-252,48,18,70,70,[367.0, 112.0, 0.0],3.31970133253
180119,011346.00,43.1335405,141.221582333,22,18,-286,53,-6,52,52,[-2660.0, 97.0, -45.0],178.218907675
180119,011347.00,43.1335343333,141.221601167,23,19,-303,55,-2,46,46,[-2062.0, 102.0, 15.0],178.934425246
180119,011348.00,43.1335266667,141.2216215,17,14,-247,53,-1,53,53,[-3375.0, 60.0, 0.0],178.163455609
180119,011349.00,43.1335185,141.221643167,21,19,-248,47,-25,44,44,[-3355.0, 67.0, 0.0],178.743255782
180119,011350.00,43.1335095,141.221666,5,25,-286,58,-4,37,37,[-4727.0, 55.0, -10.0],178.566899725
180119,011404.00,43.1333741667,141.2220235,14,21,-241,53,-3,53,53,[-2975.0, 102.0, 10.0],179.033074428
180119,011405.00,43.1333645,141.222049667,16,22,-242,47,3,48,48,[-3305.0, 112.0, 0.0],178.311221555
180119,011406.00,43.1333553333,141.222075,14,4,-257,52,-10,44,44,[-2095.0, 87.0, -10.0],177.497454034
180119,011407.00,43.1333465,141.222099833,8,9,-274,53,-7,48,48,[-3907.0, 107.0, -5.0],178.148485118
180119,011408.00,43.1333371667,141.222125167,16,12,-292,42,34,54,54,[-2752.0, 67.0, 30.0],177.405161422
180119,011409.00,43.1333283333,141.222150667,14,18,-281,52,-35,58,58,[-2517.0, 145.0, -25.0],178.468830646
180119,011410.00,43.1333196667,141.222176167,11,20,-272,55,-13,50,50,[-2397.0, 107.0, -10.0],178.279492654
180119,011411.00,43.1333113333,141.222199,11,13,-272,43,2,50,50,[-2207.0, 72.0, 10.0],178.857789759
180119,011412.00,43.1333046667,141.2222175,11,11,-259,60,-8,45,45,[-3457.0, 92.0, 0.0],177.888396793
180119,011427.00,43.133327,141.222144333,15,16,-258,63,-23,49,49,[-4865.0, 67.0, 20.0],179.0099502
180119,011428.00,43.1333383333,141.2221085,7,6,-274,40,-16,48,48,[-2942.0, 92.0, 0.0],177.992516196
180119,011429.00,43.1333521667,141.222073167,12,17,-267,64,-16,57,57,[-3540.0, 55.0, -25.0],178.356521349
180119,011430.00,43.1333678333,141.222035833,21,29,-306,52,-45,47,47,[-3202.0, 135.0, -40.0],177.531882086
180119,011431.00,43.1333846667,141.221996833,20,19,-305,56,-8,85,85,[-3815.0, 67.0, 0.0],178.855944253
180119,011432.00,43.1334023333,141.2219555,8,25,-262,52,-11,99,99,[-2865.0, 97.0, 5.0],177.82087762
180119,011433.00,43.1334198333,141.221912333,23,12,-255,54,-38,75,75,[-3132.0, 55.0, 0.0],178.184119815
180119,011434.00,43.1334378333,141.221866167,8,24,-282,50,-2,22,22,[-2485.0, 102.0, 25.0],177.244695886
180119,011435.00,43.1334551667,141.221820167,0,32,-259,48,-17,29,29,[-3387.0, 102.0, 0.0],178.324960154
180119,011449.00,43.133649,141.221430667,4,15,-291,60,-12,33,33,[-2555.0, 107.0, -15.0],177.42342817
180119,011450.00,43.1336601667,141.2214125,16,30,-283,51,-9,47,47,[-3865.0, 72.0, -5.0],179.301731348
180119,011451.00,43.1336705,141.221394667,17,21,-258,58,-1,54,54,[-2502.0, 87.0, 0.0],178.354941171
180119,011452.00,43.13368,141.221378833,19,17,-278,48,-18,53,53,[-2502.0, 97.0, -20.0],179.138294321
180119,011453.00,43.1336865,141.221365167,18,20,-261,52,-30,25,25,[-2925.0, 55.0, -45.0],177.832428938
180119,011454.00,43.1336921667,141.2213525,5,8,-270,38,-6,65,65,[-2425.0, 77.0, 20.0],178.42193812
180119,011455.00,43.1336965,141.221342833,11,20,-275,56,-15,50,50,[-3550.0, 92.0, 0.0],178.739416114
180119,011456.00,43.1336993333,141.221336333,14,20,-273,53,-6,55,55,[-3755.0, 92.0, 5.0],178.649374125
180119,011457.00,43.1337005,141.221335167,12,20,-275,44,-4,54,54,[-4180.0, 30.0, -30.0],178.535319473
180119,011511.00,43.133704,141.221342333,11,19,-272,53,-12,48,48,[-1692.0, 67.0, 15.0],178.889711302
180119,011512.00,43.1337035,141.2213435,13,18,-272,57,-15,51,51,[-3415.0, 67.0, -15.0],178.346384697
180119,011513.00,43.1337035,141.221344167,11,18,-277,56,-3,51,51,[-2090.0, 82.0, -5.0],177.739135682
180119,011514.00,43.1337035,141.221344833,13,20,-274,48,-17,53,53,[-3620.0, 92.0, 25.0],177.585773889
180119,011515.00,43.133704,141.2213455,15,20,-274,56,-6,54,54,[-4575.0, 127.0, 20.0],178.906989446
180119,011516.00,43.1337045,141.221346,13,18,-272,49,-13,56,56,[-2410.0, 77.0, -5.0],178.390432057
180119,011517.00,43.1337048333,141.2213465,14,19,-274,51,-13,51,51,[-2832.0, 107.0, 0.0],178.879492845
180119,011518.00,43.1337051667,141.221347,11,19,-277,51,-4,50,50,[-2915.0, 72.0, -10.0],178.18919019
180119,011519.00,43.1337055,141.221347667,13,19,-271,47,-6,48,48,[-3750.0, 67.0, -10.0],179.117238123
180119,011533.00,43.1337141667,141.2213495,11,20,-272,53,-1,53,53,[-3087.0, 107.0, 0.0],178.223246238
180119,011534.00,43.1337146667,141.2213495,12,19,-273,58,-10,47,47,[-3435.0, 107.0, -10.0],178.811461391
180119,011535.00,43.1337153333,141.2213495,10,18,-277,50,-9,56,56,[-2465.0, 107.0, 0.0],178.318062364
180119,011536.00,43.133716,141.221349333,13,18,-274,47,-2,50,50,[-2902.0, 92.0, -15.0],178.637259077
180119,011537.00,43.1337163333,141.221349167,12,18,-273,54,-17,48,48,[-2647.0, 102.0, 10.0],178.126708077
180119,011538.00,43.1337166667,141.221349,12,21,-275,49,-15,55,55,[-4227.0, 102.0, 15.0],178.683867112
180119,011539.00,43.1337168333,141.221349,11,20,-273,54,-9,52,52,[-1927.0, 92.0, -15.0],175.613858131
180119,011540.00,43.133717,141.221349,13,19,-270,55,-17,55,55,[-3397.0, 55.0, 10.0],179.155488941
180119,011541.00,43.1337173333,141.221349167,12,20,-272,53,-4,56,56,[-2712.0, 87.0, -52.0],179.083345744
180119,011555.00,43.1337078333,141.221355333,11,18,-273,55,-16,51,51,[-2622.0, 50.0, 5.0],177.772225735
180119,011556.00,43.1337071667,141.221355833,12,22,-271,56,-20,48,48,[-3007.0, 107.0, 5.0],178.449341449
180119,011557.00,43.1337066667,141.221356167,11,19,-275,49,-9,50,50,[-3512.0, 117.0, 25.0],179.338987742
180119,011558.00,43.1337061667,141.221356167,14,20,-273,52,-16,44,44,[-2687.0, 107.0, -10.0],178.645867591
180119,011559.00,43.1337053333,141.221356167,14,20,-272,55,-12,46,46,[-2725.0, 60.0, -15.0],178.847954959
180119,011600.00,43.1337046667,141.221356,13,20,-271,49,-15,50,50,[-3027.0, 15.0, 0.0],178.558547646
180119,011601.00,43.133704,141.221356,13,20,-275,53,-6,54,54,[-4320.0, 72.0, -25.0],178.952690403
180119,011602.00,43.1337036667,141.221355667,11,19,-276,47,-9,45,45,[-2155.0, 107.0, -40.0],177.652241919
180119,011603.00,43.1337031667,141.221355167,16,22,-274,54,-9,55,55,[-2780.0, 135.0, -5.0],177.51141193
180119,011617.00,43.1336955,141.221352667,13,20,-273,55,-15,50,50,[-3007.0, 87.0, -5.0],177.898345672
180119,011618.00,43.1336953333,141.221352167,12,19,-271,49,-4,50,50,[-4292.0, 127.0, -5.0],178.423079179
180119,011619.00,43.1336951667,141.221351833,-1,8,-267,49,-17,61,61,[-3262.0, 77.0, 20.0],178.499428683
180119,011620.00,43.1336951667,141.2213515,22,19,-293,50,-38,73,73,[-2397.0, 127.0, -40.0],176.668454493
180119,011621.00,43.133695,141.221351333,27,8,-289,46,0,80,80,[-2410.0, 40.0, 25.0],178.822209931
180119,011622.00,43.1336948333,141.221351333,5,30,-299,52,-33,18,18,[-3430.0, 102.0, 10.0],177.770633115
180119,011623.00,43.1336946667,141.221351333,12,19,-283,46,35,18,18,[112.0, 107.0, -10.0],27.1496816978
180119,011624.00,43.133694,141.221352,18,22,-251,52,5,65,65,[-2822.0, 87.0, -15.0],178.505807573
180119,011625.00,43.13369,141.221359,10,15,-281,60,13,54,54,[-3180.0, 117.0, -5.0],178.454721197
180119,011639.00,43.133519,141.221717667,6,16,-336,50,8,47,47,[-4120.0, 92.0, -10.0],178.778086938
180119,011640.00,43.1335065,141.221749,32,18,-232,47,-19,45,45,[-2322.0, 102.0, -10.0],177.381888514
180119,011641.00,43.1334941667,141.221780333,22,18,-332,54,2,50,50,[-3332.0, 67.0, 15.0],178.497290269
180119,011642.00,43.1334815,141.221812167,11,21,-223,51,2,45,45,[-3522.0, 77.0, -30.0],178.827205015
180119,011643.00,43.1334691667,141.221843667,4,17,-307,52,-7,63,63,[-3045.0, 97.0, 5.0],178.305570765
180119,011644.00,43.133457,141.221874833,34,19,-221,48,-3,70,70,[-3777.0, 77.0, -25.0],178.806881463
180119,011645.00,43.1334453333,141.221905167,32,7,-222,55,-54,49,49,[-3610.0, 60.0, 0.0],178.781461369
180119,011646.00,43.1334335,141.221936167,19,-14,-278,62,-20,60,60,[-2577.0, 55.0, 0.0],178.257623731
180119,011647.00,43.133422,141.221966167,16,12,-273,46,8,56,56,[-2970.0, 67.0, -10.0],177.976536322
180119,011701.00,43.1333058333,141.222267833,11,18,-270,52,1,54,54,[-3892.0, 72.0, -10.0],178.975445501
180119,011702.00,43.1333051667,141.222268667,12,-1,-265,48,-10,27,27,[-3652.0, 67.0, -52.0],178.715486256
180119,011703.00,43.1333041667,141.222270167,5,2,-272,56,7,52,52,[-2800.0, 77.0, -35.0],178.727704108
180119,011704.00,43.1333035,141.222270833,11,5,-293,54,-42,58,58,[-2800.0, 60.0, -25.0],178.419119924
180119,011705.00,43.1333036667,141.222269833,14,13,-292,53,4,75,75,[-2990.0, 97.0, -25.0],179.142627991
180119,011706.00,43.133307,141.2222625,20,7,-308,54,21,74,74,[-3360.0, 82.0, 0.0],178.057496127
180119,011707.00,43.1333143333,141.2222475,8,18,-238,45,11,47,47,[-3127.0, 97.0, 0.0],178.314777239
180119,011708.00,43.1333231667,141.222227167,16,23,-249,34,-4,39,39,[-3337.0, 107.0, -5.0],179.030347373
180119,011709.00,43.1333325,141.222199833,1,23,-284,37,-14,51,51,[-3392.0, 67.0, 0.0],178.851495196
180119,011723.00,43.1335765,141.221577,22,36,-231,38,-15,74,74,[-2572.0, 107.0, -30.0],175.94558582
180119,011724.00,43.13359,141.221537167,14,31,-302,52,11,25,25,[-3652.0, 77.0, 15.0],178.363422958
180119,011725.00,43.133604,141.221499,12,24,-275,52,-22,23,23,[-2647.0, 60.0, -30.0],179.132605567
180119,011726.00,43.1336208333,141.221466333,5,30,-268,62,-4,51,51,[-2785.0, 92.0, 0.0],179.337302345
180119,011727.00,43.13364,141.221441833,14,23,-249,57,-21,59,59,[-3795.0, 87.0, 20.0],178.480615861
180119,011728.00,43.1336578333,141.221421667,14,18,-266,58,19,50,50,[-3035.0, 87.0, -5.0],177.91540606
180119,011729.00,43.1336731667,141.221405833,10,18,-274,58,-45,55,55,[-2935.0, 102.0, -20.0],179.055000676
180119,011730.00,43.1336855,141.2213925,10,19,-274,53,-11,55,55,[-2285.0, 45.0, 0.0],177.297705344
180119,011731.00,43.1336941667,141.221381,15,20,-275,53,-7,57,57,[-2877.0, 122.0, 25.0],178.549150697
180119,011745.00,43.1337083333,141.221356167,13,19,-275,52,-18,50,50,[-2067.0, 82.0, 10.0],179.178611407
180119,011746.00,43.1337083333,141.221356333,15,19,-273,50,-11,50,50,[-1960.0, 92.0, 15.0],177.990971817
180119,011747.00,43.1337083333,141.221356667,14,19,-272,54,-17,59,59,[-2822.0, 55.0, 35.0],177.992177142
180119,011748.00,43.1337083333,141.221356667,12,19,-273,55,-17,54,54,[-3707.0, 107.0, -25.0],178.86056567
180119,011749.00,43.1337083333,141.221357,11,19,-276,56,-17,56,56,[-3407.0, 150.0, 5.0],177.85262573
180119,011750.00,43.1337085,141.221356833,12,19,-272,54,-18,58,58,[-3207.0, 112.0, 5.0],179.892098471
180119,011751.00,43.1337086667,141.221356667,13,20,-272,54,-14,53,53,[-2930.0, 102.0, 10.0],178.908594833
180119,011752.00,43.1337088333,141.2213565,12,20,-274,58,-13,52,52,[-1835.0, 82.0, 0.0],178.653750553
180119,011753.00,43.133709,141.2213565,14,21,-271,51,-4,60,60,[-2865.0, 117.0, 20.0],178.154329837
180119,011808.00,43.1337088333,141.221358167,14,20,-273,61,-4,57,57,[-2882.0, 97.0, -45.0],178.08558848
180119,011809.00,43.1337091667,141.221357667,14,20,-273,54,-6,57,57,[-3652.0, 102.0, -10.0],179.080403538
180119,011810.00,43.1337095,141.221357167,11,22,-275,54,-8,56,56,[-4065.0, 107.0, 20.0],178.417880092
180119,011811.00,43.1337098333,141.221356833,14,18,-271,50,-10,56,56,[-2615.0, 50.0, -57.0],177.613082048
180119,011812.00,43.13371,141.221356667,11,20,-272,58,-15,47,47,[-3040.0, 77.0, -40.0],177.834547066
180119,011813.00,43.1337101667,141.2213565,13,18,-272,49,-6,61,61,[-2355.0, 102.0, -40.0],177.040733737
180119,011814.00,43.1337103333,141.2213565,14,20,-273,54,-5,50,50,[-2307.0, 77.0, 0.0],176.744583859
180119,011815.00,43.1337103333,141.221356667,12,19,-273,45,-7,57,57,[-3230.0, 102.0, 25.0],177.907362537
180119,011816.00,43.1337106667,141.221356667,14,21,-271,60,-10,57,57,[-2947.0, 92.0, 15.0],178.076922573
180119,011830.00,43.1337125,141.221357,14,19,-272,54,-6,58,58,[-3322.0, 40.0, 0.0],178.56877615
180119,011831.00,43.1337125,141.221357,13,20,-272,53,-18,54,54,[-2137.0, 55.0, -5.0],177.394999731
180119,011832.00,43.1337123333,141.221357333,13,19,-273,54,-22,63,63,[-2600.0, 107.0, 30.0],178.218907675
180119,011833.00,43.133712,141.221357833,11,20,-275,52,-12,58,58,[-3370.0, 97.0, 0.0],177.892664498
180119,011834.00,43.1337118333,141.221358333,13,19,-272,52,-12,57,57,[-2915.0, 107.0, 5.0],177.501048304
180119,011835.00,43.1337116667,141.221358833,11,18,-274,52,-13,60,60,[-2725.0, 102.0, -10.0],178.741338876
180119,011836.00,43.1337116667,141.221359167,14,19,-272,53,-18,51,51,[-2962.0, 77.0, -20.0],177.675250832
180119,011837.00,43.1337116667,141.221359667,12,20,-275,52,-20,52,52,[-2925.0, 87.0, 57.0],178.497184579
180119,011838.00,43.1337115,141.22136,12,21,-273,44,-19,58,58,[-482.0, 97.0, 10.0],57.7923020271
180119,011853.00,43.1337108333,141.221364667,9,17,-273,51,-15,58,58,[-3342.0, 122.0, 40.0],177.586795497
180119,011854.00,43.1337106667,141.221364667,8,16,-271,51,-3,52,52,[-2935.0, 140.0, -25.0],178.159277074
180119,011855.00,43.1337106667,141.221364833,20,19,-255,58,-16,57,57,[-2970.0, 72.0, -5.0],178.850406206
180119,011856.00,43.1337106667,141.221364667,9,20,-273,51,-13,54,54,[-3120.0, 122.0, 0.0],177.674267009
180119,011857.00,43.1337108333,141.2213645,12,17,-269,54,-13,51,51,[-4325.0, 97.0, 0.0],178.752983263
180119,011858.00,43.133711,141.221364,-3,20,-271,56,-10,57,57,[-4175.0, 77.0, -40.0],178.751686963
180119,011859.00,43.1337111667,141.221363167,14,19,-274,57,-15,59,59,[-2392.0, 135.0, 5.0],178.722177421
180119,011900.00,43.1337113333,141.221362833,12,18,-271,54,-14,53,53,[-2882.0, 72.0, 35.0],178.469560818
180119,011901.00,43.1337116667,141.2213625,13,15,-271,65,-23,55,55,[-1677.0, 50.0, 67.0],177.756225369
180119,011915.00,43.1337135,141.221359,9,34,-279,42,-11,63,63,[-2077.0, 97.0, 0.0],178.090847567
180119,011916.00,43.13371,141.221364833,6,28,-318,68,-12,39,39,[-2762.0, 92.0, -40.0],178.202345934
180119,011917.00,43.1337018333,141.221377667,1,13,-289,55,-37,44,44,[-2980.0, 60.0, 25.0],179.022351215
180119,011918.00,43.1336901667,141.221399167,33,13,-324,62,19,58,58,[-1770.0, 72.0, 10.0],174.165572484
180119,011919.00,43.1336771667,141.221424667,-6,11,-284,67,-28,57,57,[-2017.0, 107.0, 35.0],178.492155357
180119,011920.00,43.1336628333,141.221453333,-7,25,-245,51,-44,45,45,[-2757.0, 77.0, -20.0],178.07340954
180119,011921.00,43.1336466667,141.2214865,12,-13,-316,10,-7,63,63,[-3605.0, 97.0, 25.0],178.926930841
180119,011922.00,43.1336306667,141.221522,44,24,-221,51,-53,90,90,[-2827.0, 55.0, 0.0],177.82087762
180119,011937.00,43.1333793333,141.222137167,8,17,-272,29,0,64,64,[-2290.0, 67.0, 15.0],178.732455384
180119,011938.00,43.1333636667,141.222174833,11,9,-277,82,-42,48,48,[-3250.0, 102.0, -5.0],177.945820438
180119,011939.00,43.1333503333,141.222207833,12,12,-262,46,-12,53,53,[-1150.0, 72.0, -20.0],174.58711943
180119,011940.00,43.1333388333,141.222237333,18,5,-286,57,-16,45,45,[-2262.0, 97.0, 10.0],176.160403662
180119,011941.00,43.13333,141.2222595,2,12,-265,53,7,32,32,[-3755.0, 60.0, 0.0],178.026280372
180119,011942.00,43.1333255,141.222271333,-3,11,-295,48,21,69,69,[-3110.0, 97.0, -20.0],178.545453331
180119,011943.00,43.1333231667,141.222277333,13,8,-320,49,-44,53,53,[-2345.0, 92.0, 0.0],177.618143781
180119,011944.00,43.1333221667,141.222280333,28,6,-298,52,4,43,43,[-2892.0, 122.0, -35.0],177.63841749
180119,011959.00,43.1334751667,141.2218685,20,18,-270,58,0,83,83,[1427.0, 107.0, 20.0],2.80408299512
180119,012000.00,43.1334956667,141.2218175,20,17,-271,55,-13,64,64,[-2762.0, 67.0, -25.0],177.719608877
180119,012001.00,43.1335161667,141.221767833,9,28,-318,56,-9,71,71,[-3630.0, 97.0, -5.0],177.99733609
180119,012002.00,43.133537,141.2217195,58,22,-244,45,12,51,51,[-1752.0, 87.0, 20.0],178.860156851
180119,012003.00,43.1335585,141.221672667,3,34,-279,61,-17,2,2,[-2502.0, 97.0, -15.0],177.76013745
180119,012004.00,43.1335806667,141.221627333,15,28,-260,54,-17,53,53,[-3127.0, 60.0, 0.0],178.032668092
180119,012005.00,43.1336025,141.2215845,5,23,-274,60,-25,53,53,[-2605.0, 122.0, 25.0],177.959340567
180119,012006.00,43.1336225,141.221544167,16,21,-274,51,-9,59,59,[-890.0, 72.0, -30.0],157.442753365
180119,012021.00,43.1337166667,141.221376,15,19,-272,58,-7,60,60,[-3407.0, 97.0, 0.0],177.014256664
180119,012022.00,43.1337166667,141.221376333,13,21,-273,51,-17,59,59,[-3282.0, 145.0, -25.0],178.802497122
180119,012023.00,43.1337165,141.2213765,13,19,-272,54,-9,53,53,[-2665.0, 77.0, -40.0],177.369050292
180119,012024.00,43.1337163333,141.221376833,13,20,-273,54,-8,61,61,[-2780.0, 82.0, -40.0],178.20751566
180119,012025.00,43.1337165,141.221377167,13,19,-272,51,-13,62,62,[-3512.0, 55.0, -5.0],178.321121608
180119,012026.00,43.1337166667,141.2213775,14,20,-274,52,-13,56,56,[-2780.0, 82.0, 20.0],178.013510299
180119,012027.00,43.1337165,141.221378,14,20,-273,53,-13,54,54,[-2437.0, 35.0, 10.0],178.673046925
180119,012028.00,43.1337166667,141.2213785,13,19,-273,48,-15,55,55,[-2312.0, 82.0, -10.0],178.216278846
180119,012029.00,43.1337166667,141.221378833,14,20,-273,54,-11,47,47,[-3035.0, 97.0, 35.0],178.535586218
180119,012044.00,43.1337126667,141.221384,14,19,-273,51,-11,56,56,[-2262.0, 117.0, -25.0],177.709389957
180119,012045.00,43.1337125,141.2213845,13,20,-273,54,-11,51,51,[-2615.0, 97.0, 10.0],177.214241671
180119,012046.00,43.1337125,141.221385,14,20,-272,53,-21,57,57,[570.0, 140.0, 57.0],14.9621552543
180119,012047.00,43.1337123333,141.221385333,14,20,-272,57,-21,60,60,[-2322.0, 135.0, -15.0],177.83375763
180119,012048.00,43.1337123333,141.221385667,13,20,-272,54,-13,54,54,[-3402.0, 92.0, 0.0],178.914234787
180119,012049.00,43.1337121667,141.221385833,12,20,-273,60,-7,53,53,[-2812.0, 112.0, -57.0],178.712107455
180119,012050.00,43.1337121667,141.221386167,13,20,-272,59,-17,60,60,[-2865.0, 77.0, -20.0],177.95387569
180119,012051.00,43.133712,141.221386167,13,21,-274,46,-12,55,55,[-2257.0, 107.0, -30.0],178.282922631
180119,012052.00,43.1337121667,141.221386167,14,20,-272,51,-18,47,47,[-2920.0, 45.0, 20.0],178.181069807
180119,012107.00,43.1337148333,141.2213875,14,20,-273,61,-6,55,55,[-3060.0, 87.0, 0.0],178.514886546
180119,012108.00,43.1337148333,141.221387333,13,20,-273,57,-11,60,60,[-2785.0, 77.0, 0.0],177.549932658
180119,012109.00,43.1337146667,141.221387167,13,21,-272,49,-8,56,56,[-2990.0, 92.0, -15.0],178.667377808
180119,012110.00,43.1337146667,141.221387167,13,20,-273,55,-11,51,51,[-2377.0, 77.0, -10.0],179.755147732
180119,012111.00,43.1337145,141.221387167,13,20,-273,54,-18,57,57,[-3105.0, 67.0, -30.0],179.355219412
180119,012112.00,43.1337146667,141.221387167,13,19,-273,55,-12,50,50,[-2877.0, 77.0, 0.0],178.154329837
180119,012113.00,43.1337146667,141.221387333,13,20,-273,49,-11,56,56,[-3120.0, 92.0, -5.0],178.743214021
180119,012114.00,43.1337146667,141.2213875,13,19,-274,51,-15,54,54,[-2660.0, 117.0, -40.0],178.556292637
180119,012115.00,43.1337151667,141.221387667,13,20,-272,55,-11,59,59,[-2822.0, 55.0, -10.0],178.876697286
180119,012130.00,43.1337191667,141.2213905,13,19,-273,55,-11,54,54,[-3365.0, 72.0, 15.0],179.089757111
180119,012131.00,43.133719,141.221390167,13,20,-272,54,-7,57,57,[-2865.0, 50.0, -5.0],179.39796493
180119,012132.00,43.133719,141.221389833,13,20,-273,51,-8,52,52,[-2497.0, 135.0, -30.0],177.256968123
180119,012133.00,43.133719,141.2213895,14,20,-274,55,-9,58,58,[1437.0, 45.0, 5.0],1.61127073631
180119,012134.00,43.1337188333,141.221389,14,18,-273,49,-14,57,57,[-3440.0, 107.0, -10.0],178.486878444
180119,012135.00,43.1337186667,141.2213885,13,20,-273,51,-13,47,47,[-2137.0, 150.0, 0.0],179.027009328
180119,012136.00,43.1337183333,141.221388,14,19,-272,52,-15,58,58,[-2920.0, 92.0, 35.0],179.204828579
180119,012137.00,43.1337185,141.221387833,13,20,-272,51,-12,61,61,[-2350.0, 87.0, -30.0],177.748505038
180119,012138.00,43.1337186667,141.221387667,13,20,-271,56,-17,58,58,[-3272.0, 87.0, -30.0],179.212057599
180119,012153.00,43.1337155,141.2213815,12,21,-272,58,-13,50,50,[-3160.0, 82.0, -5.0],178.022844562
180119,012154.00,43.1337151667,141.221381,13,20,-272,54,-13,53,53,[-3240.0, 67.0, -40.0],178.364338797
180119,012155.00,43.1337148333,141.221380833,13,19,-273,53,-5,54,54,[-2995.0, 122.0, 0.0],178.535586218
180119,012156.00,43.1337143333,141.221380667,13,19,-273,49,-7,50,50,[-1992.0, 55.0, -20.0],176.754297918
180119,012157.00,43.1337141667,141.2213805,13,20,-273,52,-9,61,61,[-3407.0, 102.0, 10.0],178.551258591
180119,012158.00,43.1337138333,141.221380333,13,20,-273,53,-11,52,52,[-3375.0, 72.0, 0.0],179.194488512
180119,012159.00,43.1337138333,141.221380167,12,20,-273,49,-14,55,55,[-3055.0, 92.0, -20.0],178.135214741
180119,012200.00,43.1337136667,141.221379667,13,21,-272,51,-11,54,54,[-2707.0, 72.0, -30.0],178.06634484
180119,012215.00,43.133714,141.221376,30,20,-274,56,-18,53,53,[-3120.0, 77.0, 5.0],177.940814072
180119,012216.00,43.1337138333,141.221375667,17,19,-272,49,-13,58,58,[-4522.0, 60.0, 30.0],179.085377891
180119,012217.00,43.133714,141.2213755,7,32,-284,54,-6,53,53,[70.0, 77.0, 5.0],40.4622274921
180119,012218.00,43.1337136667,141.221375333,18,18,-270,50,-8,70,70,[-2392.0, 45.0, 57.0],178.29230869
180119,012219.00,43.1337138333,141.221375333,10,17,-250,52,-19,40,40,[-3175.0, 97.0, -10.0],178.076922573
180119,012220.00,43.1337136667,141.221375333,30,35,-256,82,12,43,43,[-3842.0, 20.0, -15.0],174.794752403
180119,012221.00,43.1337135,141.221375833,49,10,-234,62,-8,59,59,[-3235.0, 112.0, -25.0],178.056162097
180119,012222.00,43.1337128333,141.221376833,40,0,-319,55,-13,29,29,[-3060.0, 87.0, 0.0],178.52727767
180119,012223.00,43.1337108333,141.221381,52,10,-269,62,4,64,64,[-2790.0, 107.0, -5.0],179.269492306
180119,012238.00,43.133485,141.2218785,85,-2,-208,68,5,45,45,[-3527.0, 92.0, 15.0],178.016101267
180119,012239.00,43.1334663333,141.221923,54,-9,-218,53,0,40,40,[-3597.0, 97.0, -15.0],178.104465543
180119,012240.00,43.1334471667,141.221967333,35,2,-204,39,-35,58,58,[-2870.0, 45.0, 0.0],178.463864808
180119,012241.00,43.1334285,141.222012167,10,7,-265,57,-26,49,49,[-3865.0, 77.0, 20.0],178.628265344
180119,012242.00,43.1334101667,141.222054667,26,11,-258,67,-20,50,50,[-3040.0, 87.0, -40.0],177.962067563
180119,012243.00,43.133392,141.222095333,10,13,-270,54,-11,50,50,[-4115.0, 97.0, -20.0],178.356201408
180119,012244.00,43.133375,141.222136167,13,30,-270,65,-28,42,42,[-942.0, 77.0, -20.0],166.304123496
180119,012245.00,43.1333601667,141.222175,6,9,-197,47,-12,60,60,[-3327.0, 92.0, -45.0],178.417916274
180119,012300.00,43.1333743333,141.222129667,19,-2,-281,42,26,84,84,[-2910.0, 40.0, 0.0],178.284703194
180119,012301.00,43.1333896667,141.222087333,9,20,-218,57,-4,55,55,[-4005.0, 97.0, 5.0],178.23634187
180119,012302.00,43.1334076667,141.222043167,46,28,-195,40,37,65,65,[-2202.0, 60.0, 15.0],178.669796917
180119,012303.00,43.133427,141.221997667,31,14,-256,46,-32,55,55,[-4202.0, 60.0, -10.0],179.024154902
180119,012304.00,43.1334486667,141.2219505,5,20,-288,39,-16,65,65,[-3387.0, 92.0, -10.0],178.54491646
180119,012305.00,43.1334711667,141.221900833,15,23,-275,46,-19,94,94,[-3035.0, 77.0, -10.0],177.651707339
180119,012306.00,43.1334938333,141.221850167,19,25,-250,56,29,68,68,[-4050.0, 92.0, -25.0],177.735245452
180119,012307.00,43.1335145,141.221801,18,44,-264,48,1,51,51,[-2562.0, 72.0, 0.0],178.934154972
180119,012321.00,43.1336946667,141.221391833,10,40,-270,50,-13,56,56,[-2160.0, 97.0, 15.0],177.428722635
180119,012322.00,43.1336951667,141.2213905,15,20,-273,55,-18,46,46,[-2990.0, 87.0, 0.0],177.744060036
180119,012323.00,43.1336951667,141.221390833,14,20,-273,46,-12,50,50,[-3290.0, 117.0, 10.0],178.310470476
180119,012324.00,43.133695,141.221391,15,20,-273,53,-9,46,46,[-2817.0, 60.0, -25.0],178.420164328
180119,012325.00,43.1336948333,141.221391333,16,20,-273,48,-7,57,57,[-3207.0, 77.0, 35.0],178.342848491
180119,012326.00,43.1336946667,141.2213915,16,20,-270,56,-6,56,56,[-2545.0, 145.0, -20.0],178.256753516
180119,012327.00,43.1336945,141.2213915,16,19,-273,47,-4,50,50,[-2420.0, 112.0, 10.0],176.763008383
180119,012328.00,43.1336945,141.221391667,16,19,-271,45,-20,54,54,[-3680.0, 92.0, -5.0],178.799419653
180119,012343.00,43.1336886667,141.221397667,15,19,-272,56,-16,46,46,[-2577.0, 92.0, -35.0],177.255505643
180119,012344.00,43.1336883333,141.221397833,15,19,-271,51,-13,48,48,[-2665.0, 72.0, -5.0],177.936371768
180119,012345.00,43.1336876667,141.221398,16,19,-273,50,-12,50,50,[-3322.0, 82.0, -15.0],178.506747985
180119,012346.00,43.1336876667,141.221398,16,19,-273,53,-2,45,45,[-2812.0, 102.0, -30.0],172.220429914
180119,012347.00,43.133687,141.221398333,15,19,-272,44,4,47,47,[-2720.0, 97.0, -10.0],178.753281031
180119,012348.00,43.133687,141.221398667,15,19,-271,46,-16,51,51,[-2897.0, 112.0, -40.0],178.18919019
180119,012349.00,43.1336858333,141.2213995,15,20,-269,45,-3,53,53,[-3327.0, 77.0, 10.0],178.487534164
180119,012350.00,43.1336853333,141.2214,12,23,-277,32,6,55,55,[-3800.0, 92.0, -15.0],178.378521721
180119,012405.00,43.1336788333,141.221402833,15,18,-277,53,-19,44,44,[-2280.0, 122.0, 0.0],176.755007947
180119,012406.00,43.1336788333,141.221402667,14,57,-267,52,3,76,76,[-2942.0, 97.0, 52.0],178.311893506
180119,012407.00,43.1336785,141.221402667,10,27,-274,46,8,79,79,[-3507.0, 87.0, 0.0],178.81813438
180119,012408.00,43.1336788333,141.2214025,15,29,-271,45,-24,48,48,[-3447.0, 67.0, 5.0],178.341475422
180119,012409.00,43.1336786667,141.221403,6,31,-254,34,-9,10,10,[-2745.0, 82.0, 10.0],178.364338797
180119,012410.00,43.133678,141.221404333,17,21,-285,49,-40,14,14,[-3815.0, 50.0, -15.0],178.992540265
180119,012411.00,43.133672,141.221411333,19,6,-258,46,-4,41,41,[-2067.0, 60.0, 0.0],177.445335525
180119,012412.00,43.1336611667,141.221423,8,16,-269,54,-25,52,52,[-3440.0, 55.0, 25.0],178.565844106
180119,012413.00,43.1336468333,141.221438667,21,12,-242,46,-8,45,45,[-4102.0, 72.0, -15.0],179.358416744
180119,012428.00,43.1334065,141.221951333,3,11,-286,58,-21,37,37,[-3160.0, 72.0, -20.0],178.715076473
180119,012429.00,43.1333923333,141.221989167,26,5,-279,63,-23,-55,-55,[-3185.0, 87.0, 35.0],178.72696998
180119,012430.00,43.133379,141.222025333,-5,-14,-280,41,-12,15,15,[-3837.0, 155.0, 5.0],178.564204856
180119,012431.00,43.133366,141.222060833,16,18,-285,50,-2,43,43,[-3755.0, 92.0, -15.0],179.088691179
180119,012432.00,43.1333535,141.222096167,19,20,-273,50,-5,49,49,[-3397.0, 107.0, -10.0],177.606942016
180119,012433.00,43.1333465,141.222132833,20,17,-269,49,0,54,54,[-3110.0, 127.0, 15.0],177.647906283
180119,012435.00,43.1333505,141.222190333,36,18,-275,61,13,-71,-71,[-4555.0, 92.0, 0.0],178.785386219
180119,012450.00,43.1334155,141.222287167,-1,17,-259,37,-18,7,7,[-4912.0, 102.0, 25.0],179.471672746
180119,012451.00,43.1334305,141.222300167,21,30,-275,43,-10,32,32,[-4805.0, 102.0, -15.0],178.669599464
180119,012452.00,43.1334448333,141.222313333,-1,22,-301,31,-10,44,44,[-3495.0, 60.0, -45.0],179.471130902
180119,012453.00,43.133459,141.222326,18,23,-300,57,-1,23,23,[-3027.0, 77.0, -40.0],178.377799217
180119,012454.00,43.1334728333,141.2223395,42,19,-313,58,-17,-43,-43,[-4467.0, 77.0, -40.0],178.704396146
180119,012455.00,43.1334875,141.222353333,44,17,-283,51,71,-182,-182,[-6287.0, 67.0, -15.0],179.631957659
180119,012456.00,43.1335055,141.22237,35,-4,-250,51,5,-189,-189,[-5027.0, 72.0, -15.0],179.573971675
180119,012457.00,43.1335255,141.2223895,-6,-24,-267,52,13,6,6,[-5005.0, 107.0, -25.0],179.149189828
180119,012512.00,43.1337578333,141.222279167,15,16,-297,41,-13,51,51,[-7610.0, 140.0, -30.0],179.41914103
180119,012513.00,43.1337598333,141.222273,9,2,-275,47,11,47,47,[-4135.0, 60.0, -20.0],179.50994541
180119,012514.00,43.1337611667,141.222270167,-12,6,-287,60,-28,34,34,[-3842.0, 107.0, -62.0],177.300823591
180119,012515.00,43.1337613333,141.222270167,-9,11,-328,50,-70,16,16,[-6297.0, 87.0, -87.0],178.869118329
180119,012516.00,43.1337598333,141.222274333,21,17,-275,38,3,63,63,[-4077.0, 55.0, -45.0],179.046482831
180119,012517.00,43.1337535,141.2222885,26,15,-270,63,20,78,78,[-4995.0, 145.0, -5.0],178.10119703
180119,012518.00,43.1337445,141.222309833,-11,32,-236,37,-36,236,236,[-5505.0, 112.0, -30.0],179.258081735
180119,012519.00,43.133733,141.222337167,45,11,-304,44,0,224,224,[-5477.0, 97.0, 15.0],179.294370746
180119,012534.00,43.1335013333,141.222933667,-7,35,-266,37,19,30,30,[-3847.0, 82.0, -15.0],178.422406004
180119,012535.00,43.1334858333,141.2229415,12,16,-272,52,-13,47,47,[-4880.0, 77.0, -35.0],178.623789537
180119,012536.00,43.1334763333,141.222944333,12,15,-271,50,-13,49,49,[-4412.0, 107.0, -25.0],178.607578048
180119,012537.00,43.133475,141.222945833,12,19,-271,49,-10,49,49,[-6535.0, 117.0, -15.0],179.059079466
180119,012538.00,43.1334753333,141.2229465,11,15,-271,38,1,46,46,[-4842.0, 92.0, 30.0],178.7932042
180119,012539.00,43.1334753333,141.2229465,14,18,-273,58,-13,52,52,[-3805.0, 87.0, 0.0],179.057156366
180119,012540.00,43.1334753333,141.222946833,10,15,-272,53,-5,55,55,[-4527.0, 122.0, -152.0],178.487534164
180119,012541.00,43.1334755,141.222947167,10,15,-271,49,-10,47,47,[-4272.0, 55.0, -62.0],178.644297258
180119,012556.00,43.133476,141.2229485,10,16,-269,50,-6,47,47,[-5422.0, 97.0, -547.0],178.347804824
180119,012557.00,43.133476,141.2229485,9,16,-270,49,0,49,49,[-5352.0, 55.0, -115.0],179.03466796
180119,012558.00,43.1334761667,141.2229485,12,19,-274,37,-2,45,45,[-5802.0, 45.0, -92.0],179.289023719
180119,012559.00,43.1334761667,141.222948333,17,18,-275,47,0,48,48,[-4607.0, 82.0, -20.0],179.091820645
180119,012600.00,43.1334763333,141.2229485,11,16,-271,48,1,48,48,[-5310.0, 45.0, -25.0],179.171555386
180119,012601.00,43.1334765,141.222948833,10,16,-274,42,-8,50,50,[-3615.0, 102.0, 0.0],178.776062725
180119,012602.00,43.1334766667,141.222948833,12,17,-278,56,-16,46,46,[-4370.0, 72.0, 10.0],179.436607052
180119,012603.00,43.133477,141.222949,13,17,-275,56,-9,50,50,[-5835.0, 107.0, -52.0],178.748855136
180119,012604.00,43.1334771667,141.222949167,11,15,-270,39,0,50,50,[-3967.0, 112.0, -30.0],178.440423858
180119,012619.00,43.1334805,141.222953667,14,19,-277,43,-11,47,47,[-5335.0, 122.0, -5.0],178.955437056
180119,012620.00,43.1334805,141.222953667,14,15,-275,53,1,66,66,[-5070.0, 20.0, 10.0],178.845910912
180119,012621.00,43.1334806667,141.222953833,17,24,-274,41,-6,31,31,[-5472.0, 72.0, -25.0],178.699742311
180119,012622.00,43.133482,141.2229545,11,7,-269,53,-8,102,102,[-5177.0, 117.0, -5.0],178.845910912
180119,012623.00,43.1334828333,141.2229545,6,4,-265,67,6,91,91,[-5237.0, 55.0, -20.0],179.513479677
180119,012624.00,43.1334816667,141.222954833,10,1,-271,49,8,77,77,[-5630.0, 122.0, 0.0],179.319993448
180119,012625.00,43.133479,141.222955167,15,27,-285,43,-8,34,34,[-4125.0, 145.0, -20.0],178.541331783
180119,012626.00,43.1334775,141.222954667,6,19,-266,50,3,40,40,[-4870.0, 97.0, -62.0],178.667503565
180119,012641.00,43.1333795,141.222898,14,22,-284,51,-9,50,50,[-4472.0, 135.0, -87.0],178.82013284
180119,012642.00,43.1333755,141.222897167,9,12,-271,43,2,36,36,[-3805.0, 127.0, -5.0],179.080895216
180119,012643.00,43.1333735,141.222896833,23,16,-272,63,-31,51,51,[-4425.0, 40.0, -5.0],178.980256976
180119,012644.00,43.133374,141.222896667,17,12,-286,48,8,51,51,[-1975.0, 92.0, 25.0],178.831956351
180119,012645.00,43.1333751667,141.222897333,10,12,-271,50,-11,45,45,[-4152.0, 92.0, -20.0],178.648014825
180119,012646.00,43.1333756667,141.222897,7,14,-271,42,0,43,43,[-4055.0, 145.0, 0.0],179.283840055
180119,012647.00,43.1333768333,141.222897333,1,14,-273,52,-5,50,50,[-3425.0, 112.0, 0.0],178.547036663
180119,012648.00,43.1333781667,141.2228975,9,18,-275,48,-19,51,51,[-4157.0, 102.0, 0.0],178.970937147
180119,012649.00,43.1333786667,141.222897833,6,17,-274,48,-1,51,51,[-4342.0, 122.0, 0.0],178.997271167
180119,012704.00,43.1333851667,141.222909833,12,15,-274,53,-14,52,52,[-4202.0, 60.0, -5.0],178.981691946
180119,012705.00,43.1333911667,141.222914333,10,16,-274,47,-4,46,46,[-3920.0, 92.0, -5.0],178.719449433
180119,012706.00,43.1333895,141.222915333,9,16,-276,52,-6,46,46,[-4245.0, 117.0, -15.0],177.836371484
180119,012707.00,43.1333886667,141.222917833,10,15,-273,49,-11,54,54,[-3440.0, 67.0, 0.0],178.626504701
180119,012708.00,43.1333895,141.222922167,10,18,-273,54,-10,52,52,[-5900.0, 107.0, -5.0],179.150775512
180119,012709.00,43.1333905,141.222926833,9,16,-274,50,-16,50,50,[-4162.0, 77.0, 25.0],178.704648382
180119,012710.00,43.1333926667,141.22293,14,60,-261,108,-77,-6,-6,[-17255.0, 40.0, 637.0],179.629230496
180119,012711.00,43.1333956667,141.2229305,129,196,-122,326,-211,75,75,[32767.0, 32767.0, 13262.0],45.0
180119,012712.00,43.133397,141.222933833,10,83,-260,-171,65,-11,-11,[32767.0, 32392.0, 11215.0],44.5506236408
                                                                                                                                                                                                                                                                                                                                                        